driverId,lap,position,time_x,milliseconds,DriverName2,circuitId
30,1,3,01:44.3,104278,Schumacher,20
30,2,3,01:35.0,94973,Schumacher,20
30,3,2,01:35.5,95476,Schumacher,20
30,4,2,01:33.6,93565,Schumacher,20
30,5,2,01:34.1,94063,Schumacher,20
30,6,2,01:33.8,93796,Schumacher,20
30,7,2,01:33.7,93733,Schumacher,20
30,8,2,01:33.9,93904,Schumacher,20
30,9,2,01:33.9,93863,Schumacher,20
30,10,2,01:34.0,93966,Schumacher,20
30,11,2,01:34.3,94317,Schumacher,20
30,12,2,01:33.9,93948,Schumacher,20
30,13,2,01:34.2,94189,Schumacher,20
30,14,2,01:33.6,93613,Schumacher,20
30,15,2,01:33.9,93918,Schumacher,20
30,16,2,01:34.0,94034,Schumacher,20
30,17,2,01:33.9,93879,Schumacher,20
30,18,2,01:33.7,93711,Schumacher,20
30,19,2,01:33.7,93749,Schumacher,20
30,20,2,01:32.8,92807,Schumacher,20
30,21,2,01:33.3,93322,Schumacher,20
30,22,2,01:33.3,93316,Schumacher,20
30,23,2,01:43.9,103862,Schumacher,20
30,24,2,01:36.8,96796,Schumacher,20
30,25,2,01:57.0,117010,Schumacher,20
30,26,2,01:32.2,92226,Schumacher,20
30,27,2,01:33.3,93270,Schumacher,20
30,28,2,01:33.1,93119,Schumacher,20
30,29,2,01:34.0,93955,Schumacher,20
30,30,2,01:33.9,93945,Schumacher,20
30,31,2,01:33.8,93788,Schumacher,20
30,32,2,01:33.8,93832,Schumacher,20
30,33,2,01:34.0,93959,Schumacher,20
30,34,2,01:34.5,94470,Schumacher,20
30,35,2,01:33.6,93640,Schumacher,20
30,36,2,01:33.5,93472,Schumacher,20
30,37,2,01:32.9,92905,Schumacher,20
30,38,2,01:32.9,92866,Schumacher,20
30,39,2,01:33.8,93775,Schumacher,20
30,40,2,01:33.0,92968,Schumacher,20
30,41,2,01:33.1,93109,Schumacher,20
30,42,2,01:33.1,93133,Schumacher,20
30,43,2,01:35.7,95696,Schumacher,20
30,44,2,01:55.2,115187,Schumacher,20
30,45,2,01:34.0,94009,Schumacher,20
30,46,2,01:32.6,92646,Schumacher,20
30,47,2,01:33.0,92950,Schumacher,20
30,48,2,01:33.7,93741,Schumacher,20
30,49,2,01:33.8,93778,Schumacher,20
30,50,2,01:34.0,93969,Schumacher,20
30,51,2,01:34.8,94848,Schumacher,20
30,52,2,01:34.9,94920,Schumacher,20
30,53,2,01:35.1,95141,Schumacher,20
30,54,2,01:34.8,94821,Schumacher,20
30,55,2,01:35.1,95063,Schumacher,20
30,56,2,01:35.0,95014,Schumacher,20
30,57,2,01:35.5,95521,Schumacher,20
30,58,2,01:35.6,95561,Schumacher,20
30,59,2,01:36.0,96017,Schumacher,20
30,60,2,01:36.3,96318,Schumacher,20
22,1,1,01:41.3,101301,Barrichello,20
22,2,1,01:35.4,95376,Barrichello,20
22,3,1,01:34.5,94475,Barrichello,20
22,4,1,01:34.3,94304,Barrichello,20
22,5,1,01:34.3,94311,Barrichello,20
22,6,1,01:34.6,94567,Barrichello,20
22,7,1,01:34.1,94130,Barrichello,20
22,8,1,01:34.0,93951,Barrichello,20
22,9,1,01:34.2,94158,Barrichello,20
22,10,1,01:34.2,94154,Barrichello,20
22,11,1,01:34.2,94167,Barrichello,20
22,12,1,01:34.2,94198,Barrichello,20
22,13,1,01:33.9,93869,Barrichello,20
22,14,1,01:33.6,93597,Barrichello,20
22,15,1,01:34.1,94081,Barrichello,20
22,16,1,01:34.2,94220,Barrichello,20
22,17,1,01:33.9,93873,Barrichello,20
22,18,1,01:33.7,93716,Barrichello,20
22,19,1,01:33.3,93294,Barrichello,20
22,20,1,01:32.9,92919,Barrichello,20
22,21,1,01:33.5,93503,Barrichello,20
22,22,1,01:33.5,93547,Barrichello,20
22,23,1,01:33.6,93568,Barrichello,20
22,24,1,01:34.0,94032,Barrichello,20
22,25,1,01:36.8,96845,Barrichello,20
22,26,1,01:57.8,117822,Barrichello,20
22,27,1,01:33.7,93720,Barrichello,20
22,28,1,01:33.8,93833,Barrichello,20
22,29,1,01:34.3,94265,Barrichello,20
22,30,1,01:34.4,94359,Barrichello,20
22,31,1,01:35.2,95232,Barrichello,20
22,32,1,01:33.9,93937,Barrichello,20
22,33,1,01:34.2,94202,Barrichello,20
22,34,1,01:34.2,94237,Barrichello,20
22,35,1,01:33.5,93487,Barrichello,20
22,36,1,01:33.5,93531,Barrichello,20
22,37,1,01:33.4,93391,Barrichello,20
22,38,1,01:34.1,94109,Barrichello,20
22,39,1,01:33.7,93690,Barrichello,20
22,40,1,01:33.3,93342,Barrichello,20
22,41,1,01:33.5,93478,Barrichello,20
22,42,1,01:32.9,92906,Barrichello,20
22,43,1,01:33.2,93157,Barrichello,20
22,44,1,01:32.8,92785,Barrichello,20
22,45,1,01:36.1,96066,Barrichello,20
22,46,1,01:56.4,116404,Barrichello,20
22,47,1,01:33.4,93430,Barrichello,20
22,48,1,01:34.2,94186,Barrichello,20
22,49,1,01:34.1,94056,Barrichello,20
22,50,1,01:34.0,94017,Barrichello,20
22,51,1,01:34.7,94744,Barrichello,20
22,52,1,01:34.9,94935,Barrichello,20
22,53,1,01:35.3,95295,Barrichello,20
22,54,1,01:34.8,94842,Barrichello,20
22,55,1,01:35.0,94951,Barrichello,20
22,56,1,01:35.1,95090,Barrichello,20
22,57,1,01:35.6,95629,Barrichello,20
22,58,1,01:35.6,95645,Barrichello,20
22,59,1,01:36.0,96036,Barrichello,20
22,60,1,01:36.5,96461,Barrichello,20
14,1,5,01:45.0,105010,Coulthard,20
14,2,5,01:37.5,97548,Coulthard,20
14,3,5,01:36.4,96375,Coulthard,20
14,4,5,01:36.3,96319,Coulthard,20
14,5,5,01:36.4,96363,Coulthard,20
14,6,5,01:36.6,96599,Coulthard,20
14,7,5,01:36.1,96125,Coulthard,20
14,8,5,01:35.9,95910,Coulthard,20
14,9,5,01:36.0,96010,Coulthard,20
14,10,5,01:35.6,95580,Coulthard,20
14,11,5,01:35.8,95775,Coulthard,20
14,12,5,01:35.7,95664,Coulthard,20
14,13,5,01:35.7,95707,Coulthard,20
14,14,5,01:35.6,95619,Coulthard,20
14,15,5,01:35.2,95220,Coulthard,20
14,16,5,01:35.5,95517,Coulthard,20
14,17,5,01:35.4,95357,Coulthard,20
14,18,5,01:35.5,95452,Coulthard,20
14,19,5,01:35.0,94979,Coulthard,20
14,20,5,01:35.3,95324,Coulthard,20
14,21,5,01:34.6,94583,Coulthard,20
14,22,5,01:34.9,94851,Coulthard,20
14,23,5,01:35.3,95260,Coulthard,20
14,24,5,01:36.2,96189,Coulthard,20
14,25,5,01:36.1,96069,Coulthard,20
14,26,5,01:36.9,96901,Coulthard,20
14,27,5,01:37.1,97127,Coulthard,20
8,1,6,01:45.3,105268,Räikkönen,20
8,2,6,01:37.7,97693,Räikkönen,20
8,3,6,01:36.9,96935,Räikkönen,20
8,4,6,01:36.6,96606,Räikkönen,20
8,5,6,01:36.3,96264,Räikkönen,20
8,6,6,01:36.5,96500,Räikkönen,20
8,7,6,01:36.2,96237,Räikkönen,20
8,8,6,01:36.4,96389,Räikkönen,20
8,9,6,01:35.8,95752,Räikkönen,20
8,10,6,01:36.0,96040,Räikkönen,20
8,11,6,01:36.1,96081,Räikkönen,20
8,12,6,01:35.6,95554,Räikkönen,20
8,13,6,01:35.6,95608,Räikkönen,20
8,14,6,01:35.8,95769,Räikkönen,20
8,15,6,01:35.5,95477,Räikkönen,20
8,16,6,01:35.2,95218,Räikkönen,20
8,17,7,01:38.7,98717,Räikkönen,20
8,18,7,01:35.4,95350,Räikkönen,20
8,19,7,01:34.6,94647,Räikkönen,20
8,20,7,01:34.4,94419,Räikkönen,20
8,21,7,01:34.7,94671,Räikkönen,20
8,22,6,01:34.2,94163,Räikkönen,20
8,23,6,01:34.2,94169,Räikkönen,20
8,24,6,01:34.6,94628,Räikkönen,20
8,25,6,01:35.7,95749,Räikkönen,20
8,26,6,01:36.9,96852,Räikkönen,20
8,27,6,01:37.2,97229,Räikkönen,20
8,28,4,01:34.3,94325,Räikkönen,20
8,29,4,01:34.3,94280,Räikkönen,20
8,30,3,01:38.1,98083,Räikkönen,20
8,31,3,01:34.0,94001,Räikkönen,20
8,32,3,01:34.7,94745,Räikkönen,20
8,33,3,01:35.1,95094,Räikkönen,20
8,34,3,01:34.3,94295,Räikkönen,20
8,35,3,01:39.4,99417,Räikkönen,20
8,36,3,02:01.6,121590,Räikkönen,20
8,37,3,01:35.0,94972,Räikkönen,20
8,38,3,01:34.4,94442,Räikkönen,20
8,39,3,01:34.6,94554,Räikkönen,20
8,40,3,01:34.7,94742,Räikkönen,20
8,41,3,01:34.7,94663,Räikkönen,20
8,42,3,01:34.5,94502,Räikkönen,20
8,43,3,01:35.0,94984,Räikkönen,20
8,44,3,01:35.1,95098,Räikkönen,20
8,45,3,01:35.3,95343,Räikkönen,20
8,46,3,01:35.2,95196,Räikkönen,20
8,47,3,01:34.8,94836,Räikkönen,20
8,48,3,01:34.3,94261,Räikkönen,20
8,49,3,01:34.3,94316,Räikkönen,20
8,50,3,01:35.2,95230,Räikkönen,20
8,51,3,01:35.0,95003,Räikkönen,20
8,52,3,01:34.5,94540,Räikkönen,20
8,53,3,01:34.4,94416,Räikkönen,20
8,54,3,01:34.0,94045,Räikkönen,20
8,55,3,01:33.4,93422,Räikkönen,20
8,56,3,01:33.8,93802,Räikkönen,20
8,57,3,01:34.7,94693,Räikkönen,20
8,58,3,01:34.2,94225,Räikkönen,20
8,59,3,01:33.2,93159,Räikkönen,20
8,60,3,01:35.6,95602,Räikkönen,20
23,1,2,01:42.4,102382,Schumacher,20
23,2,2,01:36.5,96473,Schumacher,20
23,3,3,01:37.0,96964,Schumacher,20
23,4,3,01:36.6,96562,Schumacher,20
23,5,3,01:36.8,96775,Schumacher,20
23,6,3,01:36.2,96198,Schumacher,20
23,7,3,01:36.1,96099,Schumacher,20
23,8,3,01:36.0,96009,Schumacher,20
23,9,3,01:35.8,95797,Schumacher,20
23,10,3,01:35.7,95733,Schumacher,20
23,11,3,01:35.3,95316,Schumacher,20
23,12,3,01:35.5,95531,Schumacher,20
23,13,3,01:35.2,95177,Schumacher,20
23,14,3,01:35.6,95591,Schumacher,20
23,15,3,01:35.5,95472,Schumacher,20
23,16,3,01:35.2,95172,Schumacher,20
23,17,3,01:35.6,95553,Schumacher,20
23,18,3,01:34.9,94868,Schumacher,20
23,19,3,01:34.8,94830,Schumacher,20
23,20,3,01:34.8,94820,Schumacher,20
23,21,3,01:34.8,94760,Schumacher,20
23,22,3,01:35.2,95180,Schumacher,20
23,23,3,01:35.7,95671,Schumacher,20
23,24,3,01:36.0,95980,Schumacher,20
23,25,3,01:36.4,96400,Schumacher,20
23,26,3,01:36.4,96421,Schumacher,20
23,27,3,01:36.2,96204,Schumacher,20
23,28,3,01:37.0,97021,Schumacher,20
23,29,3,01:37.5,97480,Schumacher,20
23,30,4,01:42.0,102000,Schumacher,20
23,31,6,02:03.5,123497,Schumacher,20
23,32,5,01:36.6,96641,Schumacher,20
23,33,5,01:36.5,96457,Schumacher,20
23,34,5,01:36.5,96513,Schumacher,20
23,35,5,01:36.6,96602,Schumacher,20
23,36,5,01:35.9,95870,Schumacher,20
23,37,5,01:35.7,95740,Schumacher,20
23,38,5,01:35.7,95705,Schumacher,20
23,39,5,01:35.6,95632,Schumacher,20
23,40,5,01:35.3,95271,Schumacher,20
23,41,5,01:35.0,95019,Schumacher,20
23,42,5,01:35.2,95227,Schumacher,20
23,43,5,01:34.7,94685,Schumacher,20
23,44,5,01:35.2,95196,Schumacher,20
23,45,4,01:35.1,95063,Schumacher,20
23,46,4,01:34.9,94905,Schumacher,20
23,47,4,01:34.5,94474,Schumacher,20
23,48,4,01:34.2,94199,Schumacher,20
23,49,4,01:33.9,93856,Schumacher,20
23,50,4,01:34.0,93952,Schumacher,20
23,51,4,01:34.3,94326,Schumacher,20
23,52,4,01:34.1,94088,Schumacher,20
23,53,4,01:34.9,94927,Schumacher,20
23,54,4,01:35.6,95560,Schumacher,20
23,55,4,01:34.9,94886,Schumacher,20
23,56,4,01:34.4,94383,Schumacher,20
23,57,4,01:35.4,95370,Schumacher,20
23,58,4,01:35.4,95385,Schumacher,20
23,59,4,01:35.1,95109,Schumacher,20
23,60,4,01:37.4,97412,Schumacher,20
31,1,4,01:44.7,104722,Pablo Montoya,20
31,2,4,01:36.9,96899,Pablo Montoya,20
31,3,4,01:36.0,95964,Pablo Montoya,20
31,4,4,01:36.5,96459,Pablo Montoya,20
31,5,4,01:36.8,96831,Pablo Montoya,20
31,6,4,01:36.5,96526,Pablo Montoya,20
31,7,4,01:35.9,95924,Pablo Montoya,20
31,8,4,01:36.2,96244,Pablo Montoya,20
31,9,4,01:35.6,95644,Pablo Montoya,20
31,10,4,01:35.9,95867,Pablo Montoya,20
31,11,4,01:35.6,95623,Pablo Montoya,20
31,12,4,01:35.2,95218,Pablo Montoya,20
31,13,4,01:35.2,95218,Pablo Montoya,20
31,14,4,01:35.1,95088,Pablo Montoya,20
31,15,4,01:35.6,95571,Pablo Montoya,20
31,16,4,01:35.6,95601,Pablo Montoya,20
31,17,4,01:35.7,95736,Pablo Montoya,20
31,18,4,01:36.0,95980,Pablo Montoya,20
31,19,4,01:35.2,95169,Pablo Montoya,20
31,20,4,01:35.3,95287,Pablo Montoya,20
31,21,4,01:34.6,94635,Pablo Montoya,20
31,22,4,01:35.1,95143,Pablo Montoya,20
31,23,4,01:35.5,95493,Pablo Montoya,20
31,24,4,01:36.2,96157,Pablo Montoya,20
31,25,4,01:36.1,96085,Pablo Montoya,20
31,26,4,01:36.9,96905,Pablo Montoya,20
31,27,4,01:37.3,97340,Pablo Montoya,20
2,1,10,01:46.9,106873,Heidfeld,20
2,2,10,01:38.5,98472,Heidfeld,20
2,3,10,01:37.9,97930,Heidfeld,20
2,4,10,01:37.8,97760,Heidfeld,20
2,5,9,01:37.5,97505,Heidfeld,20
2,6,9,01:36.8,96752,Heidfeld,20
2,7,9,01:36.7,96704,Heidfeld,20
2,8,9,01:37.1,97054,Heidfeld,20
2,9,9,01:36.6,96606,Heidfeld,20
2,10,10,01:37.1,97149,Heidfeld,20
2,11,10,01:37.3,97332,Heidfeld,20
2,12,10,01:36.9,96925,Heidfeld,20
2,13,10,01:36.2,96250,Heidfeld,20
2,14,10,01:36.6,96595,Heidfeld,20
2,15,10,01:36.1,96054,Heidfeld,20
2,16,10,01:36.1,96093,Heidfeld,20
2,17,10,01:35.9,95855,Heidfeld,20
2,18,10,01:35.7,95743,Heidfeld,20
2,19,10,01:35.5,95520,Heidfeld,20
2,20,10,01:35.3,95332,Heidfeld,20
2,21,10,01:35.6,95609,Heidfeld,20
2,22,9,01:35.1,95146,Heidfeld,20
2,23,8,01:35.4,95361,Heidfeld,20
2,24,8,01:36.3,96308,Heidfeld,20
2,25,8,01:35.3,95338,Heidfeld,20
2,26,8,01:35.4,95391,Heidfeld,20
2,27,8,01:35.2,95221,Heidfeld,20
2,28,6,01:35.7,95727,Heidfeld,20
2,29,6,01:35.5,95521,Heidfeld,20
2,30,6,01:38.1,98073,Heidfeld,20
2,31,8,02:02.9,122887,Heidfeld,20
2,32,8,01:37.8,97828,Heidfeld,20
2,33,8,01:36.7,96707,Heidfeld,20
2,34,8,01:36.7,96730,Heidfeld,20
2,35,8,01:37.6,97611,Heidfeld,20
2,36,8,01:36.6,96631,Heidfeld,20
2,37,8,01:37.8,97812,Heidfeld,20
2,38,8,01:38.0,98028,Heidfeld,20
2,39,8,01:36.3,96334,Heidfeld,20
2,40,8,01:36.1,96092,Heidfeld,20
2,41,8,01:36.2,96150,Heidfeld,20
2,42,8,01:37.0,97027,Heidfeld,20
2,43,7,01:38.2,98235,Heidfeld,20
2,44,7,01:37.9,97921,Heidfeld,20
2,45,7,01:36.6,96591,Heidfeld,20
2,46,7,01:36.1,96085,Heidfeld,20
2,47,7,01:35.9,95899,Heidfeld,20
2,48,7,01:35.3,95277,Heidfeld,20
2,49,7,01:35.3,95270,Heidfeld,20
2,50,7,01:35.2,95180,Heidfeld,20
2,51,7,01:35.2,95237,Heidfeld,20
2,52,7,01:36.8,96847,Heidfeld,20
2,53,7,01:35.2,95224,Heidfeld,20
2,54,7,01:34.6,94647,Heidfeld,20
2,55,7,01:35.1,95098,Heidfeld,20
2,56,7,01:34.2,94224,Heidfeld,20
2,57,7,01:34.3,94309,Heidfeld,20
2,58,7,01:35.1,95127,Heidfeld,20
2,59,7,01:36.0,95984,Heidfeld,20
13,1,9,01:46.4,106365,Massa,20
13,2,9,01:38.4,98427,Massa,20
13,3,9,01:37.9,97856,Massa,20
13,4,9,01:37.9,97947,Massa,20
13,5,8,01:37.1,97122,Massa,20
13,6,8,01:36.8,96844,Massa,20
13,7,8,01:36.8,96776,Massa,20
13,8,8,01:36.8,96774,Massa,20
13,9,8,01:36.4,96441,Massa,20
13,10,8,01:36.4,96422,Massa,20
13,11,8,01:36.8,96794,Massa,20
13,12,9,01:37.6,97635,Massa,20
13,13,9,01:36.4,96444,Massa,20
13,14,9,01:36.2,96173,Massa,20
13,15,9,01:36.2,96191,Massa,20
13,16,9,01:36.1,96148,Massa,20
13,17,9,01:36.1,96079,Massa,20
13,18,9,01:35.6,95553,Massa,20
13,19,9,01:35.4,95435,Massa,20
13,20,9,01:35.4,95383,Massa,20
13,21,9,01:35.7,95690,Massa,20
13,22,8,01:35.4,95406,Massa,20
13,23,7,01:35.5,95516,Massa,20
13,24,7,01:35.5,95466,Massa,20
13,25,7,01:36.1,96074,Massa,20
13,26,7,01:35.7,95740,Massa,20
13,27,7,01:35.4,95355,Massa,20
13,28,5,01:35.4,95419,Massa,20
13,29,5,01:35.5,95469,Massa,20
13,30,5,01:35.8,95782,Massa,20
13,31,4,01:38.6,98557,Massa,20
13,32,7,02:04.1,124105,Massa,20
13,33,7,01:36.1,96067,Massa,20
13,34,7,01:36.5,96471,Massa,20
13,35,7,01:37.0,96991,Massa,20
13,36,7,01:36.8,96760,Massa,20
13,37,7,01:36.7,96736,Massa,20
13,38,7,01:38.0,97964,Massa,20
13,39,7,01:37.9,97900,Massa,20
13,40,7,01:36.5,96478,Massa,20
13,41,7,01:36.5,96519,Massa,20
13,42,7,01:37.3,97268,Massa,20
13,43,6,01:39.4,99415,Massa,20
13,44,6,01:36.7,96742,Massa,20
13,45,6,01:37.3,97314,Massa,20
13,46,6,01:36.0,96020,Massa,20
13,47,6,01:35.5,95535,Massa,20
13,48,6,01:35.2,95198,Massa,20
13,49,6,01:35.5,95487,Massa,20
13,50,6,01:35.3,95349,Massa,20
13,51,6,01:35.1,95144,Massa,20
13,52,6,01:35.3,95253,Massa,20
13,53,6,01:35.3,95275,Massa,20
13,54,6,01:35.3,95260,Massa,20
13,55,6,01:35.1,95065,Massa,20
13,56,6,01:34.8,94763,Massa,20
13,57,6,01:34.7,94683,Massa,20
13,58,6,01:35.8,95826,Massa,20
13,59,6,01:35.4,95389,Massa,20
21,1,21,02:12.1,132093,Fisichella,20
21,2,21,02:05.5,125472,Fisichella,20
21,3,21,01:37.0,97011,Fisichella,20
21,4,21,01:38.3,98270,Fisichella,20
21,5,21,01:38.0,98017,Fisichella,20
21,6,21,01:37.8,97850,Fisichella,20
21,7,21,01:38.4,98399,Fisichella,20
21,8,21,01:39.1,99100,Fisichella,20
21,9,21,01:37.9,97892,Fisichella,20
21,10,21,01:38.4,98380,Fisichella,20
21,11,21,01:41.1,101139,Fisichella,20
21,12,21,01:39.9,99945,Fisichella,20
21,13,21,01:38.7,98732,Fisichella,20
21,14,21,01:38.7,98742,Fisichella,20
21,15,21,01:38.6,98644,Fisichella,20
21,16,21,01:41.7,101721,Fisichella,20
21,17,21,01:42.8,102771,Fisichella,20
21,18,21,01:38.1,98057,Fisichella,20
21,19,21,01:38.1,98083,Fisichella,20
21,20,21,01:40.5,100499,Fisichella,20
21,21,21,01:41.7,101650,Fisichella,20
21,22,21,02:03.7,123722,Fisichella,20
21,23,21,01:37.1,97120,Fisichella,20
21,24,21,01:38.6,98555,Fisichella,20
21,25,21,01:42.2,102196,Fisichella,20
21,26,22,01:42.8,102787,Fisichella,20
11,1,22,02:18.2,138235,Sato,20
11,2,22,02:54.2,174237,Sato,20
11,3,22,01:39.3,99280,Sato,20
11,4,22,01:38.7,98730,Sato,20
11,5,22,01:38.8,98796,Sato,20
11,6,22,01:38.3,98310,Sato,20
11,7,22,01:38.1,98082,Sato,20
11,8,22,01:39.7,99710,Sato,20
11,9,22,01:37.8,97799,Sato,20
11,10,22,01:38.3,98290,Sato,20
11,11,22,01:38.5,98531,Sato,20
11,12,22,01:38.3,98303,Sato,20
11,13,22,01:37.6,97633,Sato,20
11,14,22,01:37.4,97445,Sato,20
11,15,22,01:37.7,97738,Sato,20
11,16,22,01:37.7,97747,Sato,20
11,17,22,01:37.5,97501,Sato,20
11,18,22,01:36.8,96832,Sato,20
11,19,22,01:37.1,97099,Sato,20
11,20,22,01:39.0,99000,Sato,20
11,21,22,01:37.9,97893,Sato,20
11,22,22,01:38.2,98249,Sato,20
11,23,22,01:37.3,97266,Sato,20
11,24,22,01:36.8,96824,Sato,20
11,25,22,01:37.0,96984,Sato,20
11,26,21,01:36.9,96936,Sato,20
11,27,21,01:40.4,100436,Sato,20
11,28,19,01:37.7,97681,Sato,20
11,29,19,01:38.6,98601,Sato,20
11,30,19,01:37.0,97009,Sato,20
11,31,19,01:36.8,96797,Sato,20
11,32,19,01:36.7,96712,Sato,20
11,33,18,01:37.2,97183,Sato,20
11,34,18,01:36.2,96236,Sato,20
11,35,18,01:36.2,96155,Sato,20
11,36,18,01:39.8,99763,Sato,20
11,37,19,02:05.1,125118,Sato,20
11,38,19,01:36.0,96042,Sato,20
11,39,19,01:39.8,99806,Sato,20
11,40,19,01:39.7,99682,Sato,20
11,41,19,01:36.1,96068,Sato,20
11,42,18,01:36.2,96171,Sato,20
11,43,18,01:35.9,95943,Sato,20
11,44,18,01:36.3,96320,Sato,20
11,45,18,01:38.2,98175,Sato,20
11,46,18,01:36.6,96575,Sato,20
11,47,18,01:37.4,97384,Sato,20
11,48,17,01:37.8,97771,Sato,20
11,49,17,01:35.9,95867,Sato,20
11,50,17,01:36.3,96338,Sato,20
11,51,17,01:36.9,96917,Sato,20
11,52,16,01:35.9,95899,Sato,20
11,53,16,01:35.5,95479,Sato,20
11,54,16,01:35.1,95133,Sato,20
11,55,16,01:35.1,95085,Sato,20
11,56,16,01:35.2,95218,Sato,20
11,57,16,01:35.0,95029,Sato,20
11,58,16,01:35.8,95843,Sato,20
35,1,20,01:52.2,112215,Villeneuve,20
35,2,18,01:39.1,99062,Villeneuve,20
35,3,17,01:38.6,98634,Villeneuve,20
35,4,17,01:39.3,99283,Villeneuve,20
35,5,17,01:38.6,98593,Villeneuve,20
35,6,15,01:38.2,98186,Villeneuve,20
35,7,15,01:37.1,97110,Villeneuve,20
35,8,15,01:36.7,96746,Villeneuve,20
35,9,15,01:36.4,96432,Villeneuve,20
35,10,15,01:37.1,97105,Villeneuve,20
35,11,15,01:36.8,96752,Villeneuve,20
35,12,15,01:36.8,96769,Villeneuve,20
35,13,14,01:37.5,97473,Villeneuve,20
35,14,13,01:36.5,96543,Villeneuve,20
35,15,13,01:36.3,96300,Villeneuve,20
35,16,13,01:36.0,96004,Villeneuve,20
35,17,13,01:36.4,96369,Villeneuve,20
35,18,13,01:35.7,95664,Villeneuve,20
35,19,13,01:35.9,95902,Villeneuve,20
35,20,15,01:40.0,100012,Villeneuve,20
35,21,18,02:03.4,123401,Villeneuve,20
35,22,18,01:37.5,97451,Villeneuve,20
35,23,16,01:36.5,96455,Villeneuve,20
35,24,16,01:38.0,98007,Villeneuve,20
35,25,16,01:37.2,97200,Villeneuve,20
35,26,16,01:37.4,97418,Villeneuve,20
35,27,16,01:38.4,98375,Villeneuve,20
35,28,14,01:38.5,98532,Villeneuve,20
35,29,14,01:37.3,97294,Villeneuve,20
35,30,14,01:40.1,100129,Villeneuve,20
35,31,14,01:37.3,97348,Villeneuve,20
35,32,13,01:36.9,96869,Villeneuve,20
35,33,13,01:36.5,96494,Villeneuve,20
35,34,12,01:36.2,96191,Villeneuve,20
35,35,12,01:37.4,97385,Villeneuve,20
35,36,12,01:35.9,95875,Villeneuve,20
35,37,12,01:35.8,95800,Villeneuve,20
35,38,12,01:35.7,95662,Villeneuve,20
35,39,12,01:35.6,95565,Villeneuve,20
35,40,11,01:35.4,95448,Villeneuve,20
35,41,11,01:35.5,95463,Villeneuve,20
35,42,11,01:35.2,95201,Villeneuve,20
35,43,10,01:35.9,95899,Villeneuve,20
35,44,10,01:39.1,99104,Villeneuve,20
35,45,12,02:00.2,120249,Villeneuve,20
35,46,12,01:35.0,94955,Villeneuve,20
35,47,12,01:35.6,95591,Villeneuve,20
35,48,12,01:35.8,95800,Villeneuve,20
35,49,12,01:35.7,95697,Villeneuve,20
35,50,12,01:36.3,96283,Villeneuve,20
35,51,12,01:36.3,96258,Villeneuve,20
35,52,12,01:36.4,96433,Villeneuve,20
35,53,12,01:37.4,97425,Villeneuve,20
35,54,12,01:39.7,99717,Villeneuve,20
35,55,12,01:35.2,95211,Villeneuve,20
35,56,12,01:34.8,94809,Villeneuve,20
35,57,12,01:36.1,96058,Villeneuve,20
35,58,12,01:35.4,95372,Villeneuve,20
35,59,12,01:36.2,96170,Villeneuve,20
44,1,13,01:48.8,108837,Panis,20
44,2,13,01:39.2,99243,Panis,20
44,3,12,01:37.1,97109,Panis,20
44,4,12,01:37.4,97354,Panis,20
44,5,11,01:37.6,97621,Panis,20
44,6,12,01:38.5,98511,Panis,20
44,7,12,01:37.5,97537,Panis,20
44,8,12,01:37.4,97423,Panis,20
44,9,12,01:37.0,96984,Panis,20
44,10,12,01:37.0,96973,Panis,20
44,11,12,01:36.9,96884,Panis,20
44,12,12,01:36.7,96667,Panis,20
44,13,12,01:36.7,96680,Panis,20
44,14,12,01:36.5,96475,Panis,20
44,15,12,01:36.5,96532,Panis,20
44,16,12,01:36.9,96904,Panis,20
44,17,12,01:36.4,96435,Panis,20
44,18,12,01:35.9,95884,Panis,20
44,19,12,01:35.6,95591,Panis,20
44,20,12,01:36.0,96012,Panis,20
44,21,11,01:36.0,96043,Panis,20
44,22,10,01:35.7,95715,Panis,20
44,23,9,01:36.0,95956,Panis,20
44,24,9,01:36.2,96220,Panis,20
44,25,9,01:35.8,95779,Panis,20
44,26,9,01:35.3,95272,Panis,20
44,27,9,01:35.1,95087,Panis,20
44,28,7,01:36.0,95993,Panis,20
44,29,8,01:39.4,99363,Panis,20
44,30,10,02:05.6,125573,Panis,20
44,31,10,01:36.6,96593,Panis,20
44,32,10,01:37.1,97092,Panis,20
44,33,10,01:38.6,98585,Panis,20
44,34,9,01:37.9,97854,Panis,20
44,35,9,01:37.2,97193,Panis,20
44,36,9,01:37.7,97700,Panis,20
44,37,9,01:37.4,97449,Panis,20
44,38,9,01:37.3,97253,Panis,20
44,39,9,01:37.0,96953,Panis,20
44,40,9,01:37.0,96991,Panis,20
44,41,9,01:37.2,97185,Panis,20
44,42,9,01:37.3,97303,Panis,20
44,43,9,01:37.1,97099,Panis,20
44,44,9,01:36.9,96938,Panis,20
44,45,9,01:36.6,96597,Panis,20
44,46,9,01:36.2,96237,Panis,20
44,47,9,01:36.2,96202,Panis,20
44,48,9,01:36.3,96311,Panis,20
44,49,9,01:36.0,96050,Panis,20
44,50,9,01:36.1,96141,Panis,20
44,51,9,01:35.8,95823,Panis,20
44,52,9,01:35.9,95941,Panis,20
44,53,9,01:36.0,95992,Panis,20
44,54,9,01:35.4,95440,Panis,20
44,55,9,01:35.1,95149,Panis,20
44,56,9,01:34.7,94710,Panis,20
44,57,9,01:35.3,95326,Panis,20
44,58,9,01:34.6,94609,Panis,20
44,59,9,01:36.9,96880,Panis,20
15,1,8,01:45.8,105797,Trulli,20
15,2,8,01:38.3,98285,Trulli,20
15,3,8,01:37.6,97597,Trulli,20
15,4,8,01:36.1,96136,Trulli,20
15,5,12,01:42.6,102566,Trulli,20
15,6,11,01:36.6,96622,Trulli,20
15,7,11,01:36.9,96922,Trulli,20
15,8,11,01:36.7,96723,Trulli,20
15,9,11,01:36.7,96715,Trulli,20
15,10,9,01:35.1,95054,Trulli,20
15,11,9,01:35.6,95623,Trulli,20
15,12,8,01:35.6,95617,Trulli,20
15,13,8,01:34.8,94787,Trulli,20
15,14,8,01:34.7,94660,Trulli,20
15,15,8,01:34.8,94759,Trulli,20
15,16,8,01:34.7,94726,Trulli,20
15,17,8,01:35.3,95329,Trulli,20
15,18,8,01:35.2,95185,Trulli,20
15,19,8,01:34.6,94602,Trulli,20
15,20,8,01:34.7,94704,Trulli,20
15,21,8,01:38.4,98430,Trulli,20
15,22,11,02:00.1,120079,Trulli,20
15,23,11,01:34.7,94677,Trulli,20
15,24,11,01:35.1,95111,Trulli,20
15,25,11,01:35.5,95529,Trulli,20
15,26,11,01:35.5,95458,Trulli,20
15,27,11,01:35.4,95437,Trulli,20
15,28,9,01:35.8,95832,Trulli,20
15,29,9,01:36.3,96344,Trulli,20
15,30,8,01:35.7,95665,Trulli,20
15,31,7,01:37.9,97904,Trulli,20
15,32,6,01:36.9,96908,Trulli,20
15,33,6,01:36.3,96347,Trulli,20
15,34,6,01:36.2,96168,Trulli,20
15,35,6,01:37.2,97186,Trulli,20
15,36,6,01:35.7,95670,Trulli,20
15,37,6,01:35.3,95340,Trulli,20
15,38,6,01:35.6,95644,Trulli,20
15,39,6,01:35.7,95702,Trulli,20
15,40,6,01:35.7,95675,Trulli,20
15,41,6,01:35.1,95103,Trulli,20
15,42,6,01:39.1,99108,Trulli,20
15,43,8,01:59.0,118998,Trulli,20
15,44,8,01:38.2,98216,Trulli,20
15,45,8,01:36.2,96207,Trulli,20
15,46,8,01:36.4,96350,Trulli,20
15,47,8,01:36.0,96048,Trulli,20
15,48,8,01:35.3,95291,Trulli,20
15,49,8,01:35.4,95356,Trulli,20
15,50,8,01:35.1,95121,Trulli,20
15,51,8,01:35.3,95349,Trulli,20
15,52,8,01:36.7,96741,Trulli,20
15,53,8,01:35.4,95404,Trulli,20
15,54,8,01:34.8,94797,Trulli,20
15,55,8,01:35.3,95277,Trulli,20
15,56,8,01:34.8,94806,Trulli,20
15,57,8,01:34.2,94246,Trulli,20
15,58,8,01:34.8,94763,Trulli,20
15,59,8,01:35.2,95229,Trulli,20
18,1,7,01:45.5,105498,Button,20
18,2,7,01:37.9,97868,Button,20
18,3,7,01:37.2,97197,Button,20
18,4,7,01:36.5,96533,Button,20
18,5,7,01:36.4,96383,Button,20
18,6,7,01:36.4,96395,Button,20
18,7,7,01:36.3,96331,Button,20
18,8,7,01:36.8,96804,Button,20
18,9,7,01:35.3,95348,Button,20
18,10,7,01:35.7,95670,Button,20
18,11,7,01:36.3,96310,Button,20
18,12,7,01:35.9,95872,Button,20
18,13,7,01:35.4,95415,Button,20
18,14,7,01:35.8,95809,Button,20
18,15,7,01:35.6,95602,Button,20
18,16,7,01:35.2,95235,Button,20
18,17,6,01:35.2,95231,Button,20
18,18,6,01:34.4,94416,Button,20
18,19,6,01:34.2,94218,Button,20
18,20,6,01:34.8,94779,Button,20
18,21,6,01:34.9,94850,Button,20
18,22,7,01:38.1,98064,Button,20
18,23,10,01:59.8,119829,Button,20
18,24,10,01:36.3,96274,Button,20
18,25,10,01:35.9,95925,Button,20
18,26,10,01:35.4,95431,Button,20
18,27,10,01:35.4,95416,Button,20
18,28,8,01:35.8,95839,Button,20
18,29,7,01:35.4,95399,Button,20
18,30,7,01:35.5,95472,Button,20
18,31,5,01:35.6,95600,Button,20
18,32,4,01:37.4,97406,Button,20
18,33,4,01:36.8,96757,Button,20
18,34,4,01:35.7,95717,Button,20
18,35,4,01:35.2,95164,Button,20
18,36,4,01:35.5,95485,Button,20
18,37,4,01:35.0,95036,Button,20
18,38,4,01:34.9,94899,Button,20
18,39,4,01:34.6,94617,Button,20
18,40,4,01:34.4,94350,Button,20
18,41,4,01:34.5,94487,Button,20
18,42,4,01:34.4,94449,Button,20
18,43,4,01:34.6,94568,Button,20
18,44,4,01:38.3,98303,Button,20
18,45,5,01:57.4,117364,Button,20
18,46,5,01:33.8,93757,Button,20
18,47,5,01:33.7,93676,Button,20
18,48,5,01:33.8,93845,Button,20
18,49,5,01:34.4,94388,Button,20
18,50,5,01:34.7,94671,Button,20
18,51,5,01:34.4,94427,Button,20
18,52,5,01:34.4,94411,Button,20
18,53,5,01:34.6,94576,Button,20
18,54,5,01:34.8,94795,Button,20
18,55,5,01:35.6,95635,Button,20
18,56,5,01:36.6,96630,Button,20
18,57,5,01:34.7,94716,Button,20
18,58,5,01:34.5,94478,Button,20
18,59,5,01:35.0,95008,Button,20
18,60,5,01:35.7,95742,Button,20
56,1,14,01:49.8,109752,Irvine,20
56,2,16,01:40.4,100401,Irvine,20
56,3,16,01:39.1,99139,Irvine,20
56,4,16,01:39.1,99050,Irvine,20
56,5,16,01:39.1,99073,Irvine,20
56,6,16,01:39.7,99673,Irvine,20
56,7,16,01:38.8,98802,Irvine,20
56,8,16,01:38.6,98565,Irvine,20
56,9,16,01:38.4,98437,Irvine,20
56,10,16,01:37.6,97610,Irvine,20
56,11,17,01:40.2,100184,Irvine,20
56,12,17,01:37.4,97409,Irvine,20
56,13,17,01:37.6,97614,Irvine,20
56,14,17,01:37.4,97370,Irvine,20
56,15,17,01:37.0,96956,Irvine,20
56,16,17,01:37.5,97467,Irvine,20
56,17,17,01:36.8,96812,Irvine,20
56,18,17,01:37.1,97100,Irvine,20
56,19,17,01:36.7,96662,Irvine,20
56,20,17,01:36.8,96753,Irvine,20
56,21,16,01:37.0,96960,Irvine,20
56,22,15,01:37.4,97365,Irvine,20
56,23,14,01:38.8,98810,Irvine,20
56,24,13,01:37.4,97392,Irvine,20
56,25,13,01:37.7,97737,Irvine,20
56,26,13,01:37.2,97211,Irvine,20
56,27,13,01:37.6,97574,Irvine,20
56,28,11,01:38.2,98175,Irvine,20
56,29,12,01:40.5,100541,Irvine,20
56,30,12,01:39.4,99399,Irvine,20
56,31,13,01:41.1,101063,Irvine,20
56,32,15,01:53.0,113042,Irvine,20
56,33,17,02:09.6,129569,Irvine,20
56,34,17,01:40.9,100861,Irvine,20
56,35,17,01:38.7,98699,Irvine,20
56,36,17,01:37.7,97711,Irvine,20
56,37,17,01:37.6,97558,Irvine,20
56,38,17,01:37.3,97276,Irvine,20
56,39,17,01:39.7,99651,Irvine,20
56,40,17,01:37.0,97028,Irvine,20
56,41,17,01:47.5,107494,Irvine,20
37,1,18,01:51.5,111523,de la Rosa,20
37,2,19,01:40.6,100594,de la Rosa,20
37,3,19,01:39.4,99414,de la Rosa,20
37,4,19,01:39.6,99623,de la Rosa,20
37,5,19,01:38.9,98889,de la Rosa,20
37,6,18,01:38.5,98522,de la Rosa,20
37,7,17,01:38.1,98140,de la Rosa,20
37,8,17,01:38.1,98124,de la Rosa,20
37,9,17,01:38.5,98514,de la Rosa,20
37,10,17,01:37.8,97765,de la Rosa,20
37,11,16,01:38.5,98457,de la Rosa,20
37,12,16,01:36.4,96391,de la Rosa,20
37,13,16,01:36.7,96713,de la Rosa,20
37,14,16,01:36.9,96887,de la Rosa,20
37,15,16,01:36.6,96609,de la Rosa,20
37,16,16,01:36.4,96394,de la Rosa,20
37,17,16,01:36.2,96231,de la Rosa,20
37,18,16,01:36.6,96593,de la Rosa,20
37,19,16,01:36.2,96162,de la Rosa,20
37,20,16,01:36.1,96069,de la Rosa,20
37,21,15,01:36.2,96240,de la Rosa,20
37,22,14,01:36.5,96468,de la Rosa,20
37,23,13,01:36.6,96637,de la Rosa,20
37,24,12,01:36.8,96800,de la Rosa,20
37,25,12,01:36.7,96661,de la Rosa,20
37,26,12,01:36.9,96894,de la Rosa,20
37,27,12,01:36.4,96388,de la Rosa,20
37,28,10,01:36.9,96863,de la Rosa,20
37,29,10,01:36.9,96881,de la Rosa,20
37,30,9,01:36.8,96802,de la Rosa,20
37,31,9,01:37.1,97081,de la Rosa,20
37,32,9,01:38.4,98424,de la Rosa,20
37,33,9,01:41.7,101686,de la Rosa,20
37,34,14,02:07.9,127920,de la Rosa,20
37,35,14,01:37.9,97895,de la Rosa,20
37,36,14,01:37.1,97084,de la Rosa,20
37,37,14,01:37.1,97100,de la Rosa,20
37,38,14,01:36.3,96312,de la Rosa,20
37,39,14,01:36.9,96934,de la Rosa,20
37,40,13,01:36.7,96729,de la Rosa,20
37,41,13,01:36.6,96624,de la Rosa,20
37,42,13,01:37.9,97891,de la Rosa,20
37,43,12,01:36.5,96533,de la Rosa,20
37,44,12,01:36.7,96654,de la Rosa,20
37,45,10,01:36.6,96622,de la Rosa,20
37,46,10,01:36.1,96114,de la Rosa,20
37,47,10,01:35.8,95774,de la Rosa,20
37,48,10,01:35.9,95876,de la Rosa,20
37,49,10,01:36.6,96576,de la Rosa,20
37,50,10,01:38.4,98398,de la Rosa,20
37,51,10,01:36.1,96131,de la Rosa,20
37,52,10,01:35.6,95644,de la Rosa,20
37,53,10,01:35.7,95709,de la Rosa,20
37,54,10,01:36.0,95972,de la Rosa,20
37,55,10,01:36.6,96579,de la Rosa,20
37,56,10,01:36.3,96310,de la Rosa,20
37,57,10,01:36.6,96585,de la Rosa,20
37,58,10,01:38.6,98628,de la Rosa,20
37,59,11,01:39.0,99007,de la Rosa,20
49,1,17,01:51.1,111098,Frentzen,20
49,2,15,01:38.4,98419,Frentzen,20
49,3,15,01:38.5,98536,Frentzen,20
49,4,15,01:38.2,98243,Frentzen,20
49,5,15,01:38.3,98288,Frentzen,20
49,6,14,01:37.3,97283,Frentzen,20
49,7,14,01:37.5,97453,Frentzen,20
49,8,14,01:37.5,97497,Frentzen,20
49,9,14,01:37.8,97806,Frentzen,20
49,10,13,01:35.7,95712,Frentzen,20
49,11,13,01:36.3,96280,Frentzen,20
49,12,13,01:36.3,96274,Frentzen,20
49,13,13,01:36.0,96048,Frentzen,20
49,14,15,01:47.3,107314,Frentzen,20
49,15,15,01:35.6,95592,Frentzen,20
49,16,15,01:35.8,95830,Frentzen,20
49,17,15,01:35.8,95806,Frentzen,20
49,18,15,01:35.8,95791,Frentzen,20
49,19,15,01:35.7,95724,Frentzen,20
49,20,14,01:36.0,96033,Frentzen,20
49,21,13,01:35.1,95063,Frentzen,20
49,22,13,01:39.2,99180,Frentzen,20
49,23,18,02:16.1,136123,Frentzen,20
49,24,17,01:35.7,95739,Frentzen,20
49,25,17,01:36.7,96657,Frentzen,20
49,26,17,01:36.8,96819,Frentzen,20
49,27,17,01:36.2,96190,Frentzen,20
49,28,15,01:37.3,97295,Frentzen,20
49,29,15,01:36.5,96538,Frentzen,20
49,30,15,01:36.3,96300,Frentzen,20
49,31,15,01:36.6,96595,Frentzen,20
49,32,14,01:36.9,96864,Frentzen,20
49,33,14,01:36.6,96571,Frentzen,20
49,34,13,01:36.6,96646,Frentzen,20
49,35,13,01:37.1,97080,Frentzen,20
49,36,13,01:35.8,95833,Frentzen,20
49,37,13,01:35.7,95681,Frentzen,20
49,38,13,01:36.2,96192,Frentzen,20
49,39,13,01:35.5,95525,Frentzen,20
49,40,12,01:35.0,94977,Frentzen,20
49,41,12,01:35.1,95137,Frentzen,20
49,42,12,01:35.3,95297,Frentzen,20
49,43,11,01:36.0,95964,Frentzen,20
49,44,11,01:39.1,99054,Frentzen,20
49,45,14,02:01.9,121919,Frentzen,20
49,46,13,01:35.7,95743,Frentzen,20
49,47,13,01:34.5,94503,Frentzen,20
49,48,13,01:35.1,95118,Frentzen,20
49,49,13,01:35.3,95286,Frentzen,20
49,50,13,01:36.0,95996,Frentzen,20
49,51,13,01:36.1,96085,Frentzen,20
49,52,13,01:36.4,96436,Frentzen,20
49,53,13,01:37.2,97180,Frentzen,20
49,54,13,01:41.3,101258,Frentzen,20
49,55,13,01:34.5,94503,Frentzen,20
49,56,13,01:34.6,94638,Frentzen,20
49,57,13,01:35.6,95637,Frentzen,20
49,58,13,01:35.4,95400,Frentzen,20
49,59,13,01:36.8,96830,Frentzen,20
59,1,15,01:50.7,110681,Bernoldi,20
59,2,14,01:37.7,97728,Bernoldi,20
59,3,14,01:39.2,99223,Bernoldi,20
59,4,14,01:38.2,98225,Bernoldi,20
59,5,14,01:38.2,98206,Bernoldi,20
59,6,13,01:37.1,97136,Bernoldi,20
59,7,13,01:37.6,97581,Bernoldi,20
59,8,13,01:37.3,97339,Bernoldi,20
59,9,13,01:38.0,97986,Bernoldi,20
59,10,14,01:38.5,98483,Bernoldi,20
59,11,14,01:36.8,96805,Bernoldi,20
59,12,14,01:36.7,96721,Bernoldi,20
59,13,15,01:38.6,98600,Bernoldi,20
59,14,14,01:38.2,98182,Bernoldi,20
59,15,14,01:36.8,96768,Bernoldi,20
59,16,14,01:36.2,96222,Bernoldi,20
59,17,14,01:36.1,96077,Bernoldi,20
59,18,14,01:36.2,96152,Bernoldi,20
59,19,14,01:36.3,96324,Bernoldi,20
59,20,13,01:36.0,95991,Bernoldi,20
59,21,14,01:37.6,97590,Bernoldi,20
59,22,12,01:35.5,95545,Bernoldi,20
59,23,12,01:38.5,98510,Bernoldi,20
59,24,15,02:03.2,123235,Bernoldi,20
59,25,15,01:36.1,96148,Bernoldi,20
59,26,15,01:36.4,96425,Bernoldi,20
59,27,15,01:36.8,96764,Bernoldi,20
59,28,13,01:38.5,98525,Bernoldi,20
59,29,13,01:36.3,96328,Bernoldi,20
59,30,13,01:38.1,98069,Bernoldi,20
59,31,12,01:38.0,98021,Bernoldi,20
59,32,12,01:36.5,96504,Bernoldi,20
59,33,12,01:37.1,97053,Bernoldi,20
59,34,11,01:37.7,97652,Bernoldi,20
59,35,11,01:36.3,96333,Bernoldi,20
59,36,11,01:35.8,95831,Bernoldi,20
59,37,11,01:36.5,96497,Bernoldi,20
59,38,11,01:35.9,95877,Bernoldi,20
59,39,11,01:35.9,95854,Bernoldi,20
59,40,10,01:35.8,95778,Bernoldi,20
59,41,10,01:35.6,95642,Bernoldi,20
59,42,10,01:38.8,98781,Bernoldi,20
59,43,13,02:01.5,121497,Bernoldi,20
59,44,13,01:36.0,95950,Bernoldi,20
59,45,11,01:35.7,95690,Bernoldi,20
59,46,11,01:35.6,95623,Bernoldi,20
59,47,11,01:37.3,97337,Bernoldi,20
59,48,11,01:35.4,95391,Bernoldi,20
59,49,11,01:35.6,95598,Bernoldi,20
59,50,11,01:36.2,96168,Bernoldi,20
59,51,11,01:36.1,96105,Bernoldi,20
59,52,11,01:36.0,95987,Bernoldi,20
59,53,11,01:35.9,95903,Bernoldi,20
59,54,11,01:35.7,95679,Bernoldi,20
59,55,11,01:35.5,95475,Bernoldi,20
59,56,11,01:36.1,96091,Bernoldi,20
59,57,11,01:36.9,96947,Bernoldi,20
59,58,11,01:37.5,97547,Bernoldi,20
59,59,10,01:38.1,98097,Bernoldi,20
62,1,19,01:51.9,111935,Yoong,20
62,2,20,01:40.9,100881,Yoong,20
62,3,20,01:40.8,100800,Yoong,20
62,4,20,01:39.2,99190,Yoong,20
62,5,20,01:39.3,99324,Yoong,20
62,6,20,01:40.0,100033,Yoong,20
62,7,20,01:43.6,103588,Yoong,20
62,8,20,01:52.2,112169,Yoong,20
62,9,20,01:38.3,98321,Yoong,20
62,10,20,01:38.5,98539,Yoong,20
62,11,20,01:38.0,98043,Yoong,20
62,12,20,01:40.6,100562,Yoong,20
62,13,20,01:38.0,98044,Yoong,20
62,14,20,01:38.0,98047,Yoong,20
62,15,20,01:40.8,100789,Yoong,20
62,16,20,01:38.9,98895,Yoong,20
62,17,20,01:38.3,98312,Yoong,20
62,18,20,01:37.8,97795,Yoong,20
62,19,20,01:37.3,97287,Yoong,20
62,20,19,01:37.4,97395,Yoong,20
62,21,19,01:36.9,96932,Yoong,20
62,22,19,01:37.2,97217,Yoong,20
62,23,19,01:37.5,97499,Yoong,20
62,24,18,01:39.8,99823,Yoong,20
62,25,18,01:40.9,100928,Yoong,20
62,26,18,01:38.7,98651,Yoong,20
62,27,18,01:37.9,97932,Yoong,20
62,28,16,01:37.9,97924,Yoong,20
62,29,16,01:38.6,98591,Yoong,20
62,30,16,01:37.4,97366,Yoong,20
62,31,18,01:51.3,111271,Yoong,20
62,32,18,02:24.7,144650,Yoong,20
62,33,19,01:42.7,102740,Yoong,20
62,34,19,01:42.5,102485,Yoong,20
62,35,19,01:39.1,99143,Yoong,20
62,36,19,01:40.0,99998,Yoong,20
62,37,18,01:38.2,98151,Yoong,20
62,38,18,01:39.2,99181,Yoong,20
62,39,18,01:38.2,98186,Yoong,20
62,40,18,01:40.4,100437,Yoong,20
62,41,18,01:38.5,98464,Yoong,20
62,42,17,01:38.9,98938,Yoong,20
62,43,17,01:37.8,97826,Yoong,20
62,44,17,01:38.4,98398,Yoong,20
62,45,17,01:37.2,97196,Yoong,20
62,46,17,01:39.3,99279,Yoong,20
62,47,17,01:37.6,97604,Yoong,20
62,48,18,02:19.1,139096,Yoong,20
17,1,16,01:51.0,111039,Webber,20
17,2,17,01:39.9,99920,Webber,20
17,3,18,01:39.7,99743,Webber,20
17,4,18,01:39.9,99863,Webber,20
17,5,18,01:38.9,98862,Webber,20
17,6,17,01:38.6,98579,Webber,20
17,7,19,01:45.4,105368,Webber,20
17,8,19,01:38.4,98411,Webber,20
17,9,19,01:38.4,98353,Webber,20
17,10,19,01:38.4,98369,Webber,20
17,11,19,01:38.3,98262,Webber,20
17,12,19,01:39.4,99394,Webber,20
17,13,19,01:38.7,98692,Webber,20
17,14,19,01:39.0,98951,Webber,20
17,15,19,01:38.7,98714,Webber,20
17,16,19,01:39.2,99234,Webber,20
17,17,19,01:40.2,100237,Webber,20
17,18,19,01:41.1,101137,Webber,20
17,19,19,01:45.1,105103,Webber,20
17,20,20,02:03.8,123841,Webber,20
17,21,20,01:37.2,97230,Webber,20
17,22,20,01:36.6,96625,Webber,20
17,23,20,01:36.9,96905,Webber,20
17,24,20,01:37.0,96987,Webber,20
17,25,20,01:39.6,99615,Webber,20
17,26,20,01:36.5,96526,Webber,20
17,27,20,01:37.1,97069,Webber,20
17,28,18,01:37.0,96950,Webber,20
17,29,18,01:36.7,96744,Webber,20
17,30,18,01:36.6,96564,Webber,20
17,31,17,01:38.0,98034,Webber,20
17,32,17,01:36.7,96694,Webber,20
17,33,16,01:38.7,98706,Webber,20
17,34,16,01:37.1,97053,Webber,20
17,35,16,01:37.3,97253,Webber,20
17,36,16,01:36.3,96319,Webber,20
17,37,16,01:35.9,95880,Webber,20
17,38,16,01:36.7,96660,Webber,20
17,39,16,01:39.2,99235,Webber,20
17,40,16,01:36.3,96339,Webber,20
17,41,16,01:39.8,99831,Webber,20
17,42,16,02:13.3,133263,Webber,20
17,43,16,01:36.7,96729,Webber,20
17,44,16,01:36.7,96663,Webber,20
17,45,16,01:36.3,96317,Webber,20
17,46,16,01:36.2,96173,Webber,20
17,47,16,01:36.2,96196,Webber,20
17,48,16,01:36.4,96396,Webber,20
17,49,16,01:36.5,96524,Webber,20
17,50,16,01:36.0,96039,Webber,20
17,51,16,01:36.5,96477,Webber,20
17,52,15,01:36.5,96488,Webber,20
17,53,15,01:36.1,96125,Webber,20
17,54,15,01:35.9,95913,Webber,20
17,55,15,01:36.9,96909,Webber,20
17,56,15,01:36.5,96453,Webber,20
17,57,15,01:36.0,95995,Webber,20
17,58,15,01:37.0,96952,Webber,20
63,1,12,01:48.4,108427,Salo,20
63,2,12,01:39.2,99203,Salo,20
63,3,13,01:39.5,99526,Salo,20
63,4,13,01:38.2,98193,Salo,20
63,5,13,01:38.1,98067,Salo,20
63,6,19,01:48.0,108018,Salo,20
63,7,18,01:37.8,97752,Salo,20
63,8,18,01:37.4,97369,Salo,20
63,9,18,01:37.7,97723,Salo,20
63,10,18,01:37.7,97739,Salo,20
63,11,18,01:39.0,98998,Salo,20
63,12,18,01:37.8,97827,Salo,20
63,13,18,01:37.5,97543,Salo,20
63,14,18,01:37.4,97419,Salo,20
63,15,18,01:37.1,97061,Salo,20
63,16,18,01:37.4,97398,Salo,20
63,17,18,01:37.1,97085,Salo,20
63,18,18,01:43.9,103927,Salo,20
63,19,18,01:37.2,97204,Salo,20
63,20,18,01:39.5,99519,Salo,20
63,21,17,01:36.9,96872,Salo,20
63,22,17,01:38.8,98776,Salo,20
63,23,17,01:43.3,103266,Salo,20
63,24,19,02:09.5,129503,Salo,20
63,25,19,01:35.4,95409,Salo,20
63,26,19,01:35.7,95692,Salo,20
63,27,19,01:36.7,96689,Salo,20
63,28,17,01:35.8,95759,Salo,20
63,29,17,01:37.8,97816,Salo,20
63,30,17,01:37.4,97427,Salo,20
63,31,16,01:37.8,97776,Salo,20
63,32,16,01:35.9,95935,Salo,20
63,33,15,01:36.4,96389,Salo,20
63,34,15,01:36.5,96506,Salo,20
63,35,15,01:36.2,96165,Salo,20
63,36,15,01:36.3,96288,Salo,20
63,37,15,01:36.1,96089,Salo,20
63,38,15,01:36.1,96103,Salo,20
63,39,15,01:35.3,95267,Salo,20
63,40,15,01:35.3,95294,Salo,20
63,41,15,01:39.6,99608,Salo,20
63,42,15,02:00.5,120509,Salo,20
63,43,15,01:35.6,95616,Salo,20
63,44,15,01:36.4,96364,Salo,20
63,45,15,01:36.5,96499,Salo,20
63,46,15,01:35.8,95764,Salo,20
63,47,15,01:35.9,95894,Salo,20
63,48,15,01:35.5,95469,Salo,20
63,49,15,01:36.1,96124,Salo,20
63,50,15,01:39.4,99439,Salo,20
63,51,15,01:36.7,96722,Salo,20
66,1,11,01:47.8,107834,McNish,20
66,2,11,01:38.2,98172,McNish,20
66,3,11,01:37.9,97882,McNish,20
66,4,11,01:37.7,97709,McNish,20
66,5,10,01:37.7,97715,McNish,20
66,6,10,01:37.3,97274,McNish,20
66,7,10,01:36.8,96829,McNish,20
66,8,10,01:36.8,96847,McNish,20
66,9,10,01:36.8,96773,McNish,20
66,10,11,01:37.4,97377,McNish,20
66,11,11,01:36.8,96761,McNish,20
66,12,11,01:37.0,96981,McNish,20
66,13,11,01:35.9,95867,McNish,20
66,14,11,01:36.4,96377,McNish,20
66,15,11,01:36.3,96328,McNish,20
66,16,11,01:36.3,96292,McNish,20
66,17,11,01:36.0,96048,McNish,20
66,18,11,01:36.4,96366,McNish,20
66,19,11,01:36.2,96163,McNish,20
66,20,11,01:36.0,95994,McNish,20
66,21,12,01:40.3,100279,McNish,20
66,22,16,02:06.7,126720,McNish,20
66,23,15,01:36.8,96787,McNish,20
66,24,14,01:36.6,96637,McNish,20
66,25,14,01:36.6,96574,McNish,20
66,26,14,01:37.1,97095,McNish,20
66,27,14,01:36.7,96674,McNish,20
66,28,12,01:37.9,97855,McNish,20
66,29,11,01:36.8,96763,McNish,20
66,30,11,01:39.1,99054,McNish,20
66,31,11,01:38.1,98079,McNish,20
66,32,11,01:36.9,96928,McNish,20
66,33,11,01:36.8,96834,McNish,20
66,34,10,01:36.9,96942,McNish,20
66,35,10,01:36.2,96187,McNish,20
66,36,10,01:36.2,96175,McNish,20
66,37,10,01:36.3,96330,McNish,20
66,38,10,01:36.4,96445,McNish,20
66,39,10,01:40.9,100935,McNish,20
66,40,14,02:03.1,123072,McNish,20
66,41,14,01:36.7,96664,McNish,20
66,42,14,01:36.6,96597,McNish,20
66,43,14,01:37.0,96960,McNish,20
66,44,14,01:38.8,98793,McNish,20
66,45,13,01:36.8,96804,McNish,20
66,46,14,01:37.2,97156,McNish,20
66,47,14,01:36.5,96462,McNish,20
66,48,14,01:36.2,96157,McNish,20
66,49,14,01:36.6,96601,McNish,20
66,50,14,01:37.7,97738,McNish,20
66,51,14,01:36.8,96843,McNish,20
66,52,14,01:36.1,96104,McNish,20
66,53,14,01:36.3,96332,McNish,20
66,54,14,01:37.5,97543,McNish,20
66,55,14,01:39.2,99225,McNish,20
66,56,14,01:36.1,96138,McNish,20
66,57,14,01:36.3,96306,McNish,20
66,58,14,01:35.5,95503,McNish,20
66,59,14,01:36.8,96760,McNish,20
