Status,id,Tabela9.Rok,sum,rsum
Finished,1,1950,17,17
Finished,1,1951,29,46
Finished,1,1952,31,77
Finished,1,1953,33,110
Finished,1,1954,37,147
Finished,1,1955,32,179
Finished,1,1956,30,209
Finished,1,1957,35,244
Finished,1,1958,57,301
Finished,1,1959,42,343
Finished,1,1960,42,385
Finished,1,1961,51,436
Finished,1,1962,39,475
Finished,1,1963,28,503
Finished,1,1964,29,532
Finished,1,1965,40,572
Finished,1,1966,21,593
Finished,1,1967,34,627
Finished,1,1968,36,663
Finished,1,1969,38,701
Finished,1,1970,54,755
Finished,1,1971,58,813
Finished,1,1972,65,878
Finished,1,1973,81,959
Finished,1,1974,85,1044
Finished,1,1975,86,1130
Finished,1,1976,98,1228
Finished,1,1977,92,1320
Finished,1,1978,101,1421
Finished,1,1979,72,1493
Finished,1,1980,64,1557
Finished,1,1981,81,1638
Finished,1,1982,60,1698
Finished,1,1983,71,1769
Finished,1,1984,56,1825
Finished,1,1985,59,1884
Finished,1,1986,52,1936
Finished,1,1987,55,1991
Finished,1,1988,73,2064
Finished,1,1989,65,2129
Finished,1,1990,88,2217
Finished,1,1991,85,2302
Finished,1,1992,68,2370
Finished,1,1993,58,2428
Finished,1,1994,63,2491
Finished,1,1995,67,2558
Finished,1,1996,88,2646
Finished,1,1997,130,2776
Finished,1,1998,87,2863
Finished,1,1999,115,2978
Finished,1,2000,106,3084
Finished,1,2001,99,3183
Finished,1,2002,94,3277
Finished,1,2003,106,3383
Finished,1,2004,138,3521
Finished,1,2005,148,3669
Finished,1,2006,145,3814
Finished,1,2007,147,3961
Finished,1,2008,194,4155
Finished,1,2009,214,4369
Finished,1,2010,212,4581
Finished,1,2011,173,4754
Finished,1,2012,273,5027
Finished,1,2013,244,5271
Finished,1,2014,200,5471
Finished,1,2015,171,5642
Finished,1,2016,202,5844
Finished,1,2017,165,6009
Finished,1,2018,191,6200
Finished,1,2019,196,6396
Finished,1,2020,191,6587
Finished,1,2021,217,6804
Finished,1,2022,41,6845
Disqualified,2,1950,0,0
Disqualified,2,1951,0,0
Disqualified,2,1952,1,1
Disqualified,2,1953,0,1
Disqualified,2,1954,2,3
Disqualified,2,1955,0,3
Disqualified,2,1956,1,4
Disqualified,2,1957,0,4
Disqualified,2,1958,1,5
Disqualified,2,1959,1,6
Disqualified,2,1960,2,8
Disqualified,2,1961,2,10
Disqualified,2,1962,0,10
Disqualified,2,1963,1,11
Disqualified,2,1964,1,12
Disqualified,2,1965,0,12
Disqualified,2,1966,1,13
Disqualified,2,1967,1,14
Disqualified,2,1968,0,14
Disqualified,2,1969,1,15
Disqualified,2,1970,0,15
Disqualified,2,1971,4,19
Disqualified,2,1972,2,21
Disqualified,2,1973,1,22
Disqualified,2,1974,4,26
Disqualified,2,1975,1,27
Disqualified,2,1976,1,28
Disqualified,2,1977,2,30
Disqualified,2,1978,5,35
Disqualified,2,1979,2,37
Disqualified,2,1980,0,37
Disqualified,2,1981,2,39
Disqualified,2,1982,5,44
Disqualified,2,1983,6,50
Disqualified,2,1984,22,72
Disqualified,2,1985,2,74
Disqualified,2,1986,1,75
Disqualified,2,1987,3,78
Disqualified,2,1988,3,81
Disqualified,2,1989,9,90
Disqualified,2,1990,5,95
Disqualified,2,1991,1,96
Disqualified,2,1992,1,97
Disqualified,2,1993,1,98
Disqualified,2,1994,4,102
Disqualified,2,1995,1,103
Disqualified,2,1996,4,107
Disqualified,2,1997,2,109
Disqualified,2,1998,1,110
Disqualified,2,1999,2,112
Disqualified,2,2000,2,114
Disqualified,2,2001,1,115
Disqualified,2,2002,2,117
Disqualified,2,2003,0,117
Disqualified,2,2004,5,122
Disqualified,2,2005,4,126
Disqualified,2,2006,4,130
Disqualified,2,2007,2,132
Disqualified,2,2008,1,133
Disqualified,2,2009,1,134
Disqualified,2,2010,0,134
Disqualified,2,2011,2,136
Disqualified,2,2012,0,136
Disqualified,2,2013,0,136
Disqualified,2,2014,1,137
Disqualified,2,2015,0,137
Disqualified,2,2016,0,137
Disqualified,2,2017,0,137
Disqualified,2,2018,3,140
Disqualified,2,2019,2,142
Disqualified,2,2020,0,142
Disqualified,2,2021,1,143
Disqualified,2,2022,0,143
Accident,3,1950,12,12
Accident,3,1951,9,21
Accident,3,1952,5,26
Accident,3,1953,13,39
Accident,3,1954,13,52
Accident,3,1955,13,65
Accident,3,1956,15,80
Accident,3,1957,15,95
Accident,3,1958,23,118
Accident,3,1959,13,131
Accident,3,1960,14,145
Accident,3,1961,12,157
Accident,3,1962,16,173
Accident,3,1963,15,188
Accident,3,1964,9,197
Accident,3,1965,4,201
Accident,3,1966,13,214
Accident,3,1967,6,220
Accident,3,1968,21,241
Accident,3,1969,10,251
Accident,3,1970,10,261
Accident,3,1971,20,281
Accident,3,1972,16,297
Accident,3,1973,28,325
Accident,3,1974,16,341
Accident,3,1975,54,395
Accident,3,1976,48,443
Accident,3,1977,60,503
Accident,3,1978,48,551
Accident,3,1979,29,580
Accident,3,1980,30,610
Accident,3,1981,16,626
Accident,3,1982,4,630
Accident,3,1983,0,630
Accident,3,1984,24,654
Accident,3,1985,36,690
Accident,3,1986,25,715
Accident,3,1987,25,740
Accident,3,1988,3,743
Accident,3,1989,5,748
Accident,3,1990,7,755
Accident,3,1991,6,761
Accident,3,1992,9,770
Accident,3,1993,10,780
Accident,3,1994,6,786
Accident,3,1995,5,791
Accident,3,1996,1,792
Accident,3,1997,7,799
Accident,3,1998,1,800
Accident,3,1999,0,800
Accident,3,2000,0,800
Accident,3,2001,2,802
Accident,3,2002,6,808
Accident,3,2003,18,826
Accident,3,2004,7,833
Accident,3,2005,21,854
Accident,3,2006,34,888
Accident,3,2007,15,903
Accident,3,2008,12,915
Accident,3,2009,10,925
Accident,3,2010,17,942
Accident,3,2011,14,956
Accident,3,2012,10,966
Accident,3,2013,11,977
Accident,3,2014,9,986
Accident,3,2015,7,993
Accident,3,2016,5,998
Accident,3,2017,14,1012
Accident,3,2018,7,1019
Accident,3,2019,5,1024
Accident,3,2020,6,1030
Accident,3,2021,6,1036
Accident,3,2022,2,1038
Collision,4,1950,1,1
Collision,4,1951,0,1
Collision,4,1952,0,1
Collision,4,1953,0,1
Collision,4,1954,0,1
Collision,4,1955,0,1
Collision,4,1956,0,1
Collision,4,1957,0,1
Collision,4,1958,1,2
Collision,4,1959,3,5
Collision,4,1960,0,5
Collision,4,1961,0,5
Collision,4,1962,0,5
Collision,4,1963,0,5
Collision,4,1964,0,5
Collision,4,1965,0,5
Collision,4,1966,0,5
Collision,4,1967,0,5
Collision,4,1968,0,5
Collision,4,1969,1,6
Collision,4,1970,0,6
Collision,4,1971,0,6
Collision,4,1972,6,12
Collision,4,1973,10,22
Collision,4,1974,17,39
Collision,4,1975,0,39
Collision,4,1976,2,41
Collision,4,1977,3,44
Collision,4,1978,1,45
Collision,4,1979,7,52
Collision,4,1980,1,53
Collision,4,1981,32,85
Collision,4,1982,37,122
Collision,4,1983,21,143
Collision,4,1984,4,147
Collision,4,1985,1,148
Collision,4,1986,6,154
Collision,4,1987,3,157
Collision,4,1988,14,171
Collision,4,1989,27,198
Collision,4,1990,24,222
Collision,4,1991,10,232
Collision,4,1992,19,251
Collision,4,1993,30,281
Collision,4,1994,43,324
Collision,4,1995,24,348
Collision,4,1996,32,380
Collision,4,1997,22,402
Collision,4,1998,25,427
Collision,4,1999,16,443
Collision,4,2000,30,473
Collision,4,2001,23,496
Collision,4,2002,19,515
Collision,4,2003,5,520
Collision,4,2004,21,541
Collision,4,2005,4,545
Collision,4,2006,7,552
Collision,4,2007,19,571
Collision,4,2008,28,599
Collision,4,2009,19,618
Collision,4,2010,25,643
Collision,4,2011,16,659
Collision,4,2012,33,692
Collision,4,2013,12,704
Collision,4,2014,14,718
Collision,4,2015,11,729
Collision,4,2016,15,744
Collision,4,2017,12,756
Collision,4,2018,19,775
Collision,4,2019,16,791
Collision,4,2020,12,803
Collision,4,2021,20,823
Collision,4,2022,1,824
Engine,5,1950,19,19
Engine,5,1951,30,49
Engine,5,1952,20,69
Engine,5,1953,30,99
Engine,5,1954,34,133
Engine,5,1955,15,148
Engine,5,1956,24,172
Engine,5,1957,19,191
Engine,5,1958,30,221
Engine,5,1959,16,237
Engine,5,1960,26,263
Engine,5,1961,26,289
Engine,5,1962,9,298
Engine,5,1963,18,316
Engine,5,1964,25,341
Engine,5,1965,17,358
Engine,5,1966,21,379
Engine,5,1967,36,415
Engine,5,1968,24,439
Engine,5,1969,21,460
Engine,5,1970,56,516
Engine,5,1971,32,548
Engine,5,1972,25,573
Engine,5,1973,20,593
Engine,5,1974,35,628
Engine,5,1975,27,655
Engine,5,1976,31,686
Engine,5,1977,51,737
Engine,5,1978,40,777
Engine,5,1979,46,823
Engine,5,1980,36,859
Engine,5,1981,29,888
Engine,5,1982,40,928
Engine,5,1983,49,977
Engine,5,1984,47,1024
Engine,5,1985,58,1082
Engine,5,1986,62,1144
Engine,5,1987,53,1197
Engine,5,1988,59,1256
Engine,5,1989,42,1298
Engine,5,1990,46,1344
Engine,5,1991,66,1410
Engine,5,1992,62,1472
Engine,5,1993,35,1507
Engine,5,1994,52,1559
Engine,5,1995,30,1589
Engine,5,1996,35,1624
Engine,5,1997,46,1670
Engine,5,1998,30,1700
Engine,5,1999,21,1721
Engine,5,2000,32,1753
Engine,5,2001,32,1785
Engine,5,2002,41,1826
Engine,5,2003,25,1851
Engine,5,2004,20,1871
Engine,5,2005,11,1882
Engine,5,2006,16,1898
Engine,5,2007,8,1906
Engine,5,2008,12,1918
Engine,5,2009,3,1921
Engine,5,2010,13,1934
Engine,5,2011,4,1938
Engine,5,2012,4,1942
Engine,5,2013,3,1945
Engine,5,2014,8,1953
Engine,5,2015,4,1957
Engine,5,2016,7,1964
Engine,5,2017,16,1980
Engine,5,2018,13,1993
Engine,5,2019,5,1998
Engine,5,2020,4,2002
Engine,5,2021,2,2004
Engine,5,2022,3,2007
Gearbox,6,1950,7,7
Gearbox,6,1951,3,10
Gearbox,6,1952,7,17
Gearbox,6,1953,3,20
Gearbox,6,1954,4,24
Gearbox,6,1955,9,33
Gearbox,6,1956,5,38
Gearbox,6,1957,2,40
Gearbox,6,1958,7,47
Gearbox,6,1959,7,54
Gearbox,6,1960,11,65
Gearbox,6,1961,4,69
Gearbox,6,1962,11,80
Gearbox,6,1963,21,101
Gearbox,6,1964,8,109
Gearbox,6,1965,12,121
Gearbox,6,1966,5,126
Gearbox,6,1967,2,128
Gearbox,6,1968,6,134
Gearbox,6,1969,8,142
Gearbox,6,1970,6,148
Gearbox,6,1971,5,153
Gearbox,6,1972,13,166
Gearbox,6,1973,12,178
Gearbox,6,1974,15,193
Gearbox,6,1975,5,198
Gearbox,6,1976,10,208
Gearbox,6,1977,14,222
Gearbox,6,1978,13,235
Gearbox,6,1979,10,245
Gearbox,6,1980,15,260
Gearbox,6,1981,12,272
Gearbox,6,1982,8,280
Gearbox,6,1983,18,298
Gearbox,6,1984,19,317
Gearbox,6,1985,8,325
Gearbox,6,1986,18,343
Gearbox,6,1987,17,360
Gearbox,6,1988,15,375
Gearbox,6,1989,27,402
Gearbox,6,1990,23,425
Gearbox,6,1991,30,455
Gearbox,6,1992,31,486
Gearbox,6,1993,28,514
Gearbox,6,1994,25,539
Gearbox,6,1995,38,577
Gearbox,6,1996,8,585
Gearbox,6,1997,16,601
Gearbox,6,1998,28,629
Gearbox,6,1999,24,653
Gearbox,6,2000,15,668
Gearbox,6,2001,14,682
Gearbox,6,2002,11,693
Gearbox,6,2003,13,706
Gearbox,6,2004,8,714
Gearbox,6,2005,3,717
Gearbox,6,2006,5,722
Gearbox,6,2007,9,731
Gearbox,6,2008,6,737
Gearbox,6,2009,5,742
Gearbox,6,2010,9,751
Gearbox,6,2011,12,763
Gearbox,6,2012,3,766
Gearbox,6,2013,2,768
Gearbox,6,2014,4,772
Gearbox,6,2015,7,779
Gearbox,6,2016,6,785
Gearbox,6,2017,5,790
Gearbox,6,2018,3,793
Gearbox,6,2019,0,793
Gearbox,6,2020,3,796
Gearbox,6,2021,5,801
Gearbox,6,2022,0,801
Transmission,7,1950,3,3
Transmission,7,1951,7,10
Transmission,7,1952,2,12
Transmission,7,1953,8,20
Transmission,7,1954,8,28
Transmission,7,1955,14,42
Transmission,7,1956,8,50
Transmission,7,1957,4,54
Transmission,7,1958,2,56
Transmission,7,1959,12,68
Transmission,7,1960,12,80
Transmission,7,1961,0,80
Transmission,7,1962,0,80
Transmission,7,1963,0,80
Transmission,7,1964,0,80
Transmission,7,1965,1,81
Transmission,7,1966,6,87
Transmission,7,1967,1,88
Transmission,7,1968,7,95
Transmission,7,1969,2,97
Transmission,7,1970,1,98
Transmission,7,1971,1,99
Transmission,7,1972,0,99
Transmission,7,1973,2,101
Transmission,7,1974,4,105
Transmission,7,1975,11,116
Transmission,7,1976,3,119
Transmission,7,1977,9,128
Transmission,7,1978,12,140
Transmission,7,1979,12,152
Transmission,7,1980,10,162
Transmission,7,1981,7,169
Transmission,7,1982,5,174
Transmission,7,1983,1,175
Transmission,7,1984,5,180
Transmission,7,1985,13,193
Transmission,7,1986,10,203
Transmission,7,1987,7,210
Transmission,7,1988,4,214
Transmission,7,1989,7,221
Transmission,7,1990,7,228
Transmission,7,1991,9,237
Transmission,7,1992,12,249
Transmission,7,1993,3,252
Transmission,7,1994,5,257
Transmission,7,1995,4,261
Transmission,7,1996,3,264
Transmission,7,1997,4,268
Transmission,7,1998,4,272
Transmission,7,1999,11,283
Transmission,7,2000,5,288
Transmission,7,2001,6,294
Transmission,7,2002,4,298
Transmission,7,2003,0,298
Transmission,7,2004,7,305
Transmission,7,2005,0,305
Transmission,7,2006,4,309
Transmission,7,2007,1,310
Transmission,7,2008,2,312
Transmission,7,2009,1,313
Transmission,7,2010,0,313
Transmission,7,2011,3,316
Transmission,7,2012,0,316
Transmission,7,2013,2,318
Transmission,7,2014,0,318
Transmission,7,2015,1,319
Transmission,7,2016,0,319
Transmission,7,2017,0,319
Transmission,7,2018,0,319
Transmission,7,2019,1,320
Transmission,7,2020,1,321
Transmission,7,2021,0,321
Transmission,7,2022,0,321
Clutch,8,1950,1,1
Clutch,8,1951,3,4
Clutch,8,1952,3,7
Clutch,8,1953,7,14
Clutch,8,1954,5,19
Clutch,8,1955,1,20
Clutch,8,1956,2,22
Clutch,8,1957,6,28
Clutch,8,1958,3,31
Clutch,8,1959,7,38
Clutch,8,1960,4,42
Clutch,8,1961,1,43
Clutch,8,1962,2,45
Clutch,8,1963,3,48
Clutch,8,1964,4,52
Clutch,8,1965,3,55
Clutch,8,1966,5,60
Clutch,8,1967,2,62
Clutch,8,1968,1,63
Clutch,8,1969,1,64
Clutch,8,1970,6,70
Clutch,8,1971,1,71
Clutch,8,1972,1,72
Clutch,8,1973,3,75
Clutch,8,1974,9,84
Clutch,8,1975,4,88
Clutch,8,1976,5,93
Clutch,8,1977,1,94
Clutch,8,1978,2,96
Clutch,8,1979,3,99
Clutch,8,1980,3,102
Clutch,8,1981,5,107
Clutch,8,1982,8,115
Clutch,8,1983,4,119
Clutch,8,1984,5,124
Clutch,8,1985,8,132
Clutch,8,1986,3,135
Clutch,8,1987,5,140
Clutch,8,1988,8,148
Clutch,8,1989,5,153
Clutch,8,1990,12,165
Clutch,8,1991,2,167
Clutch,8,1992,8,175
Clutch,8,1993,2,177
Clutch,8,1994,2,179
Clutch,8,1995,4,183
Clutch,8,1996,2,185
Clutch,8,1997,2,187
Clutch,8,1998,1,188
Clutch,8,1999,6,194
Clutch,8,2000,1,195
Clutch,8,2001,3,198
Clutch,8,2002,3,201
Clutch,8,2003,2,203
Clutch,8,2004,1,204
Clutch,8,2005,2,206
Clutch,8,2006,1,207
Clutch,8,2007,0,207
Clutch,8,2008,1,208
Clutch,8,2009,1,209
Clutch,8,2010,1,210
Clutch,8,2011,2,212
Clutch,8,2012,0,212
Clutch,8,2013,0,212
Clutch,8,2014,2,214
Clutch,8,2015,0,214
Clutch,8,2016,0,214
Clutch,8,2017,0,214
Clutch,8,2018,0,214
Clutch,8,2019,0,214
Clutch,8,2020,0,214
Clutch,8,2021,0,214
Clutch,8,2022,1,215
Hydraulics,9,1950,0,0
Hydraulics,9,1951,0,0
Hydraulics,9,1952,0,0
Hydraulics,9,1953,0,0
Hydraulics,9,1954,0,0
Hydraulics,9,1955,0,0
Hydraulics,9,1956,0,0
Hydraulics,9,1957,0,0
Hydraulics,9,1958,0,0
Hydraulics,9,1959,0,0
Hydraulics,9,1960,0,0
Hydraulics,9,1961,0,0
Hydraulics,9,1962,0,0
Hydraulics,9,1963,0,0
Hydraulics,9,1964,0,0
Hydraulics,9,1965,0,0
Hydraulics,9,1966,0,0
Hydraulics,9,1967,0,0
Hydraulics,9,1968,0,0
Hydraulics,9,1969,0,0
Hydraulics,9,1970,0,0
Hydraulics,9,1971,0,0
Hydraulics,9,1972,0,0
Hydraulics,9,1973,0,0
Hydraulics,9,1974,0,0
Hydraulics,9,1975,0,0
Hydraulics,9,1976,0,0
Hydraulics,9,1977,0,0
Hydraulics,9,1978,0,0
Hydraulics,9,1979,0,0
Hydraulics,9,1980,0,0
Hydraulics,9,1981,0,0
Hydraulics,9,1982,0,0
Hydraulics,9,1983,0,0
Hydraulics,9,1984,0,0
Hydraulics,9,1985,0,0
Hydraulics,9,1986,0,0
Hydraulics,9,1987,1,1
Hydraulics,9,1988,0,1
Hydraulics,9,1989,0,1
Hydraulics,9,1990,0,1
Hydraulics,9,1991,0,1
Hydraulics,9,1992,0,1
Hydraulics,9,1993,2,3
Hydraulics,9,1994,0,3
Hydraulics,9,1995,0,3
Hydraulics,9,1996,5,8
Hydraulics,9,1997,2,10
Hydraulics,9,1998,6,16
Hydraulics,9,1999,7,23
Hydraulics,9,2000,8,31
Hydraulics,9,2001,8,39
Hydraulics,9,2002,12,51
Hydraulics,9,2003,5,56
Hydraulics,9,2004,3,59
Hydraulics,9,2005,8,67
Hydraulics,9,2006,11,78
Hydraulics,9,2007,11,89
Hydraulics,9,2008,4,93
Hydraulics,9,2009,2,95
Hydraulics,9,2010,19,114
Hydraulics,9,2011,3,117
Hydraulics,9,2012,1,118
Hydraulics,9,2013,6,124
Hydraulics,9,2014,0,124
Hydraulics,9,2015,0,124
Hydraulics,9,2016,1,125
Hydraulics,9,2017,5,130
Hydraulics,9,2018,2,132
Hydraulics,9,2019,1,133
Hydraulics,9,2020,0,133
Hydraulics,9,2021,1,134
Hydraulics,9,2022,1,135
Electrical,10,1950,0,0
Electrical,10,1951,0,0
Electrical,10,1952,1,1
Electrical,10,1953,1,2
Electrical,10,1954,0,2
Electrical,10,1955,0,2
Electrical,10,1956,2,4
Electrical,10,1957,1,5
Electrical,10,1958,0,5
Electrical,10,1959,0,5
Electrical,10,1960,1,6
Electrical,10,1961,0,6
Electrical,10,1962,1,7
Electrical,10,1963,1,8
Electrical,10,1964,2,10
Electrical,10,1965,2,12
Electrical,10,1966,3,15
Electrical,10,1967,0,15
Electrical,10,1968,0,15
Electrical,10,1969,0,15
Electrical,10,1970,2,17
Electrical,10,1971,1,18
Electrical,10,1972,4,22
Electrical,10,1973,3,25
Electrical,10,1974,2,27
Electrical,10,1975,3,30
Electrical,10,1976,7,37
Electrical,10,1977,5,42
Electrical,10,1978,1,43
Electrical,10,1979,6,49
Electrical,10,1980,5,54
Electrical,10,1981,5,59
Electrical,10,1982,9,68
Electrical,10,1983,9,77
Electrical,10,1984,20,97
Electrical,10,1985,12,109
Electrical,10,1986,20,129
Electrical,10,1987,18,147
Electrical,10,1988,10,157
Electrical,10,1989,22,179
Electrical,10,1990,11,190
Electrical,10,1991,8,198
Electrical,10,1992,6,204
Electrical,10,1993,5,209
Electrical,10,1994,10,219
Electrical,10,1995,13,232
Electrical,10,1996,8,240
Electrical,10,1997,9,249
Electrical,10,1998,3,252
Electrical,10,1999,6,258
Electrical,10,2000,12,270
Electrical,10,2001,7,277
Electrical,10,2002,3,280
Electrical,10,2003,6,286
Electrical,10,2004,2,288
Electrical,10,2005,4,292
Electrical,10,2006,3,295
Electrical,10,2007,1,296
Electrical,10,2008,1,297
Electrical,10,2009,0,297
Electrical,10,2010,1,298
Electrical,10,2011,1,299
Electrical,10,2012,2,301
Electrical,10,2013,1,302
Electrical,10,2014,4,306
Electrical,10,2015,4,310
Electrical,10,2016,0,310
Electrical,10,2017,3,313
Electrical,10,2018,1,314
Electrical,10,2019,0,314
Electrical,10,2020,0,314
Electrical,10,2021,1,315
Electrical,10,2022,0,315
+1 Lap,11,1950,6,6
+1 Lap,11,1951,7,13
+1 Lap,11,1952,8,21
+1 Lap,11,1953,23,44
+1 Lap,11,1954,19,63
+1 Lap,11,1955,12,75
+1 Lap,11,1956,9,84
+1 Lap,11,1957,10,94
+1 Lap,11,1958,16,110
+1 Lap,11,1959,10,120
+1 Lap,11,1960,18,138
+1 Lap,11,1961,13,151
+1 Lap,11,1962,18,169
+1 Lap,11,1963,19,188
+1 Lap,11,1964,26,214
+1 Lap,11,1965,24,238
+1 Lap,11,1966,13,251
+1 Lap,11,1967,15,266
+1 Lap,11,1968,17,283
+1 Lap,11,1969,10,293
+1 Lap,11,1970,33,326
+1 Lap,11,1971,26,352
+1 Lap,11,1972,40,392
+1 Lap,11,1973,40,432
+1 Lap,11,1974,48,480
+1 Lap,11,1975,46,526
+1 Lap,11,1976,69,595
+1 Lap,11,1977,45,640
+1 Lap,11,1978,66,706
+1 Lap,11,1979,49,755
+1 Lap,11,1980,60,815
+1 Lap,11,1981,40,855
+1 Lap,11,1982,49,904
+1 Lap,11,1983,55,959
+1 Lap,11,1984,37,996
+1 Lap,11,1985,49,1045
+1 Lap,11,1986,34,1079
+1 Lap,11,1987,24,1103
+1 Lap,11,1988,61,1164
+1 Lap,11,1989,61,1225
+1 Lap,11,1990,57,1282
+1 Lap,11,1991,54,1336
+1 Lap,11,1992,62,1398
+1 Lap,11,1993,52,1450
+1 Lap,11,1994,61,1511
+1 Lap,11,1995,61,1572
+1 Lap,11,1996,43,1615
+1 Lap,11,1997,49,1664
+1 Lap,11,1998,57,1721
+1 Lap,11,1999,44,1765
+1 Lap,11,2000,84,1849
+1 Lap,11,2001,72,1921
+1 Lap,11,2002,70,1991
+1 Lap,11,2003,58,2049
+1 Lap,11,2004,74,2123
+1 Lap,11,2005,72,2195
+1 Lap,11,2006,87,2282
+1 Lap,11,2007,98,2380
+1 Lap,11,2008,76,2456
+1 Lap,11,2009,52,2508
+1 Lap,11,2010,68,2576
+1 Lap,11,2011,121,2697
+1 Lap,11,2012,79,2776
+1 Lap,11,2013,83,2859
+1 Lap,11,2014,95,2954
+1 Lap,11,2015,90,3044
+1 Lap,11,2016,152,3196
+1 Lap,11,2017,118,3314
+1 Lap,11,2018,109,3423
+1 Lap,11,2019,133,3556
+1 Lap,11,2020,84,3640
+1 Lap,11,2021,130,3770
+1 Lap,11,2022,6,3776
+2 Laps,12,1950,11,11
+2 Laps,12,1951,12,23
+2 Laps,12,1952,10,33
+2 Laps,12,1953,8,41
+2 Laps,12,1954,9,50
+2 Laps,12,1955,8,58
+2 Laps,12,1956,6,64
+2 Laps,12,1957,12,76
+2 Laps,12,1958,13,89
+2 Laps,12,1959,11,100
+2 Laps,12,1960,6,106
+2 Laps,12,1961,13,119
+2 Laps,12,1962,8,127
+2 Laps,12,1963,14,141
+2 Laps,12,1964,8,149
+2 Laps,12,1965,14,163
+2 Laps,12,1966,9,172
+2 Laps,12,1967,16,188
+2 Laps,12,1968,11,199
+2 Laps,12,1969,14,213
+2 Laps,12,1970,14,227
+2 Laps,12,1971,22,249
+2 Laps,12,1972,27,276
+2 Laps,12,1973,22,298
+2 Laps,12,1974,30,328
+2 Laps,12,1975,25,353
+2 Laps,12,1976,23,376
+2 Laps,12,1977,35,411
+2 Laps,12,1978,18,429
+2 Laps,12,1979,22,451
+2 Laps,12,1980,22,473
+2 Laps,12,1981,28,501
+2 Laps,12,1982,30,531
+2 Laps,12,1983,35,566
+2 Laps,12,1984,27,593
+2 Laps,12,1985,27,620
+2 Laps,12,1986,33,653
+2 Laps,12,1987,37,690
+2 Laps,12,1988,38,728
+2 Laps,12,1989,34,762
+2 Laps,12,1990,35,797
+2 Laps,12,1991,34,831
+2 Laps,12,1992,45,876
+2 Laps,12,1993,47,923
+2 Laps,12,1994,40,963
+2 Laps,12,1995,33,996
+2 Laps,12,1996,19,1015
+2 Laps,12,1997,19,1034
+2 Laps,12,1998,36,1070
+2 Laps,12,1999,11,1081
+2 Laps,12,2000,21,1102
+2 Laps,12,2001,32,1134
+2 Laps,12,2002,29,1163
+2 Laps,12,2003,26,1189
+2 Laps,12,2004,18,1207
+2 Laps,12,2005,21,1228
+2 Laps,12,2006,17,1245
+2 Laps,12,2007,22,1267
+2 Laps,12,2008,9,1276
+2 Laps,12,2009,3,1279
+2 Laps,12,2010,31,1310
+2 Laps,12,2011,46,1356
+2 Laps,12,2012,27,1383
+2 Laps,12,2013,22,1405
+2 Laps,12,2014,22,1427
+2 Laps,12,2015,21,1448
+2 Laps,12,2016,23,1471
+2 Laps,12,2017,21,1492
+2 Laps,12,2018,33,1525
+2 Laps,12,2019,27,1552
+2 Laps,12,2020,7,1559
+2 Laps,12,2021,28,1587
+2 Laps,12,2022,0,1587
+3 Laps,13,1950,13,13
+3 Laps,13,1951,8,21
+3 Laps,13,1952,16,37
+3 Laps,13,1953,10,47
+3 Laps,13,1954,8,55
+3 Laps,13,1955,8,63
+3 Laps,13,1956,8,71
+3 Laps,13,1957,6,77
+3 Laps,13,1958,7,84
+3 Laps,13,1959,6,90
+3 Laps,13,1960,9,99
+3 Laps,13,1961,5,104
+3 Laps,13,1962,7,111
+3 Laps,13,1963,7,118
+3 Laps,13,1964,11,129
+3 Laps,13,1965,9,138
+3 Laps,13,1966,8,146
+3 Laps,13,1967,9,155
+3 Laps,13,1968,9,164
+3 Laps,13,1969,9,173
+3 Laps,13,1970,7,180
+3 Laps,13,1971,8,188
+3 Laps,13,1972,15,203
+3 Laps,13,1973,14,217
+3 Laps,13,1974,17,234
+3 Laps,13,1975,7,241
+3 Laps,13,1976,15,256
+3 Laps,13,1977,15,271
+3 Laps,13,1978,4,275
+3 Laps,13,1979,10,285
+3 Laps,13,1980,10,295
+3 Laps,13,1981,12,307
+3 Laps,13,1982,16,323
+3 Laps,13,1983,11,334
+3 Laps,13,1984,11,345
+3 Laps,13,1985,13,358
+3 Laps,13,1986,24,382
+3 Laps,13,1987,34,416
+3 Laps,13,1988,18,434
+3 Laps,13,1989,12,446
+3 Laps,13,1990,15,461
+3 Laps,13,1991,23,484
+3 Laps,13,1992,17,501
+3 Laps,13,1993,19,520
+3 Laps,13,1994,16,536
+3 Laps,13,1995,23,559
+3 Laps,13,1996,8,567
+3 Laps,13,1997,4,571
+3 Laps,13,1998,9,580
+3 Laps,13,1999,8,588
+3 Laps,13,2000,5,593
+3 Laps,13,2001,10,603
+3 Laps,13,2002,4,607
+3 Laps,13,2003,8,615
+3 Laps,13,2004,12,627
+3 Laps,13,2005,21,648
+3 Laps,13,2006,11,659
+3 Laps,13,2007,3,662
+3 Laps,13,2008,1,663
+3 Laps,13,2009,1,664
+3 Laps,13,2010,13,677
+3 Laps,13,2011,17,694
+3 Laps,13,2012,8,702
+3 Laps,13,2013,5,707
+3 Laps,13,2014,2,709
+3 Laps,13,2015,9,718
+3 Laps,13,2016,0,718
+3 Laps,13,2017,1,719
+3 Laps,13,2018,2,721
+3 Laps,13,2019,4,725
+3 Laps,13,2020,0,725
+3 Laps,13,2021,6,731
+3 Laps,13,2022,0,731
+4 Laps,14,1950,1,1
+4 Laps,14,1951,6,7
+4 Laps,14,1952,10,17
+4 Laps,14,1953,6,23
+4 Laps,14,1954,10,33
+4 Laps,14,1955,3,36
+4 Laps,14,1956,9,45
+4 Laps,14,1957,2,47
+4 Laps,14,1958,5,52
+4 Laps,14,1959,8,60
+4 Laps,14,1960,4,64
+4 Laps,14,1961,7,71
+4 Laps,14,1962,9,80
+4 Laps,14,1963,8,88
+4 Laps,14,1964,12,100
+4 Laps,14,1965,3,103
+4 Laps,14,1966,5,108
+4 Laps,14,1967,12,120
+4 Laps,14,1968,7,127
+4 Laps,14,1969,2,129
+4 Laps,14,1970,7,136
+4 Laps,14,1971,9,145
+4 Laps,14,1972,8,153
+4 Laps,14,1973,11,164
+4 Laps,14,1974,11,175
+4 Laps,14,1975,6,181
+4 Laps,14,1976,5,186
+4 Laps,14,1977,7,193
+4 Laps,14,1978,5,198
+4 Laps,14,1979,3,201
+4 Laps,14,1980,4,205
+4 Laps,14,1981,6,211
+4 Laps,14,1982,10,221
+4 Laps,14,1983,7,228
+4 Laps,14,1984,9,237
+4 Laps,14,1985,12,249
+4 Laps,14,1986,8,257
+4 Laps,14,1987,13,270
+4 Laps,14,1988,8,278
+4 Laps,14,1989,8,286
+4 Laps,14,1990,3,289
+4 Laps,14,1991,7,296
+4 Laps,14,1992,11,307
+4 Laps,14,1993,10,317
+4 Laps,14,1994,7,324
+4 Laps,14,1995,10,334
+4 Laps,14,1996,2,336
+4 Laps,14,1997,2,338
+4 Laps,14,1998,2,340
+4 Laps,14,1999,2,342
+4 Laps,14,2000,2,344
+4 Laps,14,2001,1,345
+4 Laps,14,2002,2,347
+4 Laps,14,2003,8,355
+4 Laps,14,2004,12,367
+4 Laps,14,2005,9,376
+4 Laps,14,2006,5,381
+4 Laps,14,2007,1,382
+4 Laps,14,2008,1,383
+4 Laps,14,2009,0,383
+4 Laps,14,2010,8,391
+4 Laps,14,2011,8,399
+4 Laps,14,2012,0,399
+4 Laps,14,2013,0,399
+4 Laps,14,2014,0,399
+4 Laps,14,2015,5,404
+4 Laps,14,2016,1,405
+4 Laps,14,2017,0,405
+4 Laps,14,2018,0,405
+4 Laps,14,2019,0,405
+4 Laps,14,2020,0,405
+4 Laps,14,2021,0,405
+4 Laps,14,2022,0,405
+5 Laps,15,1950,9,9
+5 Laps,15,1951,1,10
+5 Laps,15,1952,7,17
+5 Laps,15,1953,5,22
+5 Laps,15,1954,7,29
+5 Laps,15,1955,3,32
+5 Laps,15,1956,7,39
+5 Laps,15,1957,9,48
+5 Laps,15,1958,6,54
+5 Laps,15,1959,5,59
+5 Laps,15,1960,6,65
+5 Laps,15,1961,3,68
+5 Laps,15,1962,4,72
+5 Laps,15,1963,3,75
+5 Laps,15,1964,3,78
+5 Laps,15,1965,1,79
+5 Laps,15,1966,4,83
+5 Laps,15,1967,2,85
+5 Laps,15,1968,6,91
+5 Laps,15,1969,0,91
+5 Laps,15,1970,5,96
+5 Laps,15,1971,8,104
+5 Laps,15,1972,3,107
+5 Laps,15,1973,7,114
+5 Laps,15,1974,2,116
+5 Laps,15,1975,3,119
+5 Laps,15,1976,5,124
+5 Laps,15,1977,6,130
+5 Laps,15,1978,5,135
+5 Laps,15,1979,6,141
+5 Laps,15,1980,0,141
+5 Laps,15,1981,2,143
+5 Laps,15,1982,5,148
+5 Laps,15,1983,2,150
+5 Laps,15,1984,5,155
+5 Laps,15,1985,5,160
+5 Laps,15,1986,4,164
+5 Laps,15,1987,6,170
+5 Laps,15,1988,4,174
+5 Laps,15,1989,2,176
+5 Laps,15,1990,3,179
+5 Laps,15,1991,1,180
+5 Laps,15,1992,1,181
+5 Laps,15,1993,3,184
+5 Laps,15,1994,7,191
+5 Laps,15,1995,4,195
+5 Laps,15,1996,2,197
+5 Laps,15,1997,2,199
+5 Laps,15,1998,3,202
+5 Laps,15,1999,0,202
+5 Laps,15,2000,0,202
+5 Laps,15,2001,2,204
+5 Laps,15,2002,1,205
+5 Laps,15,2003,2,207
+5 Laps,15,2004,2,209
+5 Laps,15,2005,1,210
+5 Laps,15,2006,1,211
+5 Laps,15,2007,0,211
+5 Laps,15,2008,0,211
+5 Laps,15,2009,0,211
+5 Laps,15,2010,3,214
+5 Laps,15,2011,5,219
+5 Laps,15,2012,1,220
+5 Laps,15,2013,0,220
+5 Laps,15,2014,0,220
+5 Laps,15,2015,0,220
+5 Laps,15,2016,0,220
+5 Laps,15,2017,0,220
+5 Laps,15,2018,0,220
+5 Laps,15,2019,0,220
+5 Laps,15,2020,1,221
+5 Laps,15,2021,0,221
+5 Laps,15,2022,0,221
+6 Laps,16,1950,8,8
+6 Laps,16,1951,7,15
+6 Laps,16,1952,8,23
+6 Laps,16,1953,4,27
+6 Laps,16,1954,7,34
+6 Laps,16,1955,0,34
+6 Laps,16,1956,6,40
+6 Laps,16,1957,1,41
+6 Laps,16,1958,1,42
+6 Laps,16,1959,4,46
+6 Laps,16,1960,7,53
+6 Laps,16,1961,6,59
+6 Laps,16,1962,3,62
+6 Laps,16,1963,4,66
+6 Laps,16,1964,2,68
+6 Laps,16,1965,1,69
+6 Laps,16,1966,3,72
+6 Laps,16,1967,1,73
+6 Laps,16,1968,1,74
+6 Laps,16,1969,5,79
+6 Laps,16,1970,0,79
+6 Laps,16,1971,0,79
+6 Laps,16,1972,5,84
+6 Laps,16,1973,9,93
+6 Laps,16,1974,4,97
+6 Laps,16,1975,3,100
+6 Laps,16,1976,1,101
+6 Laps,16,1977,2,103
+6 Laps,16,1978,2,105
+6 Laps,16,1979,1,106
+6 Laps,16,1980,0,106
+6 Laps,16,1981,2,108
+6 Laps,16,1982,4,112
+6 Laps,16,1983,1,113
+6 Laps,16,1984,2,115
+6 Laps,16,1985,3,118
+6 Laps,16,1986,6,124
+6 Laps,16,1987,6,130
+6 Laps,16,1988,3,133
+6 Laps,16,1989,1,134
+6 Laps,16,1990,1,135
+6 Laps,16,1991,1,136
+6 Laps,16,1992,0,136
+6 Laps,16,1993,2,138
+6 Laps,16,1994,0,138
+6 Laps,16,1995,6,144
+6 Laps,16,1996,0,144
+6 Laps,16,1997,0,144
+6 Laps,16,1998,2,146
+6 Laps,16,1999,0,146
+6 Laps,16,2000,1,147
+6 Laps,16,2001,0,147
+6 Laps,16,2002,1,148
+6 Laps,16,2003,1,149
+6 Laps,16,2004,1,150
+6 Laps,16,2005,0,150
+6 Laps,16,2006,0,150
+6 Laps,16,2007,0,150
+6 Laps,16,2008,0,150
+6 Laps,16,2009,0,150
+6 Laps,16,2010,1,151
+6 Laps,16,2011,0,151
+6 Laps,16,2012,0,151
+6 Laps,16,2013,0,151
+6 Laps,16,2014,0,151
+6 Laps,16,2015,1,152
+6 Laps,16,2016,0,152
+6 Laps,16,2017,0,152
+6 Laps,16,2018,0,152
+6 Laps,16,2019,0,152
+6 Laps,16,2020,0,152
+6 Laps,16,2021,0,152
+6 Laps,16,2022,0,152
+7 Laps,17,1950,1,1
+7 Laps,17,1951,7,8
+7 Laps,17,1952,10,18
+7 Laps,17,1953,5,23
+7 Laps,17,1954,5,28
+7 Laps,17,1955,0,28
+7 Laps,17,1956,4,32
+7 Laps,17,1957,2,34
+7 Laps,17,1958,1,35
+7 Laps,17,1959,1,36
+7 Laps,17,1960,6,42
+7 Laps,17,1961,2,44
+7 Laps,17,1962,2,46
+7 Laps,17,1963,6,52
+7 Laps,17,1964,1,53
+7 Laps,17,1965,1,54
+7 Laps,17,1966,2,56
+7 Laps,17,1967,3,59
+7 Laps,17,1968,2,61
+7 Laps,17,1969,3,64
+7 Laps,17,1970,2,66
+7 Laps,17,1971,2,68
+7 Laps,17,1972,2,70
+7 Laps,17,1973,2,72
+7 Laps,17,1974,2,74
+7 Laps,17,1975,0,74
+7 Laps,17,1976,2,76
+7 Laps,17,1977,0,76
+7 Laps,17,1978,4,80
+7 Laps,17,1979,2,82
+7 Laps,17,1980,1,83
+7 Laps,17,1981,0,83
+7 Laps,17,1982,1,84
+7 Laps,17,1983,0,84
+7 Laps,17,1984,1,85
+7 Laps,17,1985,0,85
+7 Laps,17,1986,2,87
+7 Laps,17,1987,1,88
+7 Laps,17,1988,1,89
+7 Laps,17,1989,0,89
+7 Laps,17,1990,2,91
+7 Laps,17,1991,0,91
+7 Laps,17,1992,0,91
+7 Laps,17,1993,2,93
+7 Laps,17,1994,1,94
+7 Laps,17,1995,3,97
+7 Laps,17,1996,0,97
+7 Laps,17,1997,0,97
+7 Laps,17,1998,0,97
+7 Laps,17,1999,0,97
+7 Laps,17,2000,0,97
+7 Laps,17,2001,1,98
+7 Laps,17,2002,0,98
+7 Laps,17,2003,0,98
+7 Laps,17,2004,0,98
+7 Laps,17,2005,1,99
+7 Laps,17,2006,0,99
+7 Laps,17,2007,0,99
+7 Laps,17,2008,0,99
+7 Laps,17,2009,0,99
+7 Laps,17,2010,0,99
+7 Laps,17,2011,0,99
+7 Laps,17,2012,0,99
+7 Laps,17,2013,0,99
+7 Laps,17,2014,0,99
+7 Laps,17,2015,0,99
+7 Laps,17,2016,0,99
+7 Laps,17,2017,0,99
+7 Laps,17,2018,0,99
+7 Laps,17,2019,0,99
+7 Laps,17,2020,0,99
+7 Laps,17,2021,0,99
+7 Laps,17,2022,0,99
+8 Laps,18,1950,5,5
+8 Laps,18,1951,3,8
+8 Laps,18,1952,1,9
+8 Laps,18,1953,5,14
+8 Laps,18,1954,2,16
+8 Laps,18,1955,4,20
+8 Laps,18,1956,1,21
+8 Laps,18,1957,4,25
+8 Laps,18,1958,2,27
+8 Laps,18,1959,1,28
+8 Laps,18,1960,2,30
+8 Laps,18,1961,2,32
+8 Laps,18,1962,0,32
+8 Laps,18,1963,4,36
+8 Laps,18,1964,0,36
+8 Laps,18,1965,2,38
+8 Laps,18,1966,0,38
+8 Laps,18,1967,0,38
+8 Laps,18,1968,2,40
+8 Laps,18,1969,0,40
+8 Laps,18,1970,2,42
+8 Laps,18,1971,1,43
+8 Laps,18,1972,1,44
+8 Laps,18,1973,1,45
+8 Laps,18,1974,1,46
+8 Laps,18,1975,0,46
+8 Laps,18,1976,0,46
+8 Laps,18,1977,0,46
+8 Laps,18,1978,1,47
+8 Laps,18,1979,1,48
+8 Laps,18,1980,0,48
+8 Laps,18,1981,0,48
+8 Laps,18,1982,0,48
+8 Laps,18,1983,0,48
+8 Laps,18,1984,0,48
+8 Laps,18,1985,0,48
+8 Laps,18,1986,0,48
+8 Laps,18,1987,0,48
+8 Laps,18,1988,0,48
+8 Laps,18,1989,0,48
+8 Laps,18,1990,0,48
+8 Laps,18,1991,1,49
+8 Laps,18,1992,0,49
+8 Laps,18,1993,0,49
+8 Laps,18,1994,0,49
+8 Laps,18,1995,0,49
+8 Laps,18,1996,0,49
+8 Laps,18,1997,0,49
+8 Laps,18,1998,0,49
+8 Laps,18,1999,0,49
+8 Laps,18,2000,0,49
+8 Laps,18,2001,0,49
+8 Laps,18,2002,0,49
+8 Laps,18,2003,0,49
+8 Laps,18,2004,1,50
+8 Laps,18,2005,0,50
+8 Laps,18,2006,0,50
+8 Laps,18,2007,0,50
+8 Laps,18,2008,0,50
+8 Laps,18,2009,0,50
+8 Laps,18,2010,0,50
+8 Laps,18,2011,0,50
+8 Laps,18,2012,0,50
+8 Laps,18,2013,0,50
+8 Laps,18,2014,2,52
+8 Laps,18,2015,0,52
+8 Laps,18,2016,0,52
+8 Laps,18,2017,0,52
+8 Laps,18,2018,0,52
+8 Laps,18,2019,0,52
+8 Laps,18,2020,0,52
+8 Laps,18,2021,0,52
+8 Laps,18,2022,0,52
+9 Laps,19,1950,0,0
+9 Laps,19,1951,1,1
+9 Laps,19,1952,4,5
+9 Laps,19,1953,0,5
+9 Laps,19,1954,1,6
+9 Laps,19,1955,3,9
+9 Laps,19,1956,4,13
+9 Laps,19,1957,4,17
+9 Laps,19,1958,3,20
+9 Laps,19,1959,1,21
+9 Laps,19,1960,3,24
+9 Laps,19,1961,2,26
+9 Laps,19,1962,2,28
+9 Laps,19,1963,0,28
+9 Laps,19,1964,1,29
+9 Laps,19,1965,1,30
+9 Laps,19,1966,0,30
+9 Laps,19,1967,1,31
+9 Laps,19,1968,1,32
+9 Laps,19,1969,2,34
+9 Laps,19,1970,0,34
+9 Laps,19,1971,0,34
+9 Laps,19,1972,0,34
+9 Laps,19,1973,0,34
+9 Laps,19,1974,0,34
+9 Laps,19,1975,0,34
+9 Laps,19,1976,0,34
+9 Laps,19,1977,0,34
+9 Laps,19,1978,0,34
+9 Laps,19,1979,0,34
+9 Laps,19,1980,2,36
+9 Laps,19,1981,0,36
+9 Laps,19,1982,0,36
+9 Laps,19,1983,0,36
+9 Laps,19,1984,0,36
+9 Laps,19,1985,0,36
+9 Laps,19,1986,0,36
+9 Laps,19,1987,0,36
+9 Laps,19,1988,0,36
+9 Laps,19,1989,0,36
+9 Laps,19,1990,0,36
+9 Laps,19,1991,0,36
+9 Laps,19,1992,0,36
+9 Laps,19,1993,0,36
+9 Laps,19,1994,0,36
+9 Laps,19,1995,0,36
+9 Laps,19,1996,0,36
+9 Laps,19,1997,0,36
+9 Laps,19,1998,0,36
+9 Laps,19,1999,0,36
+9 Laps,19,2000,0,36
+9 Laps,19,2001,0,36
+9 Laps,19,2002,0,36
+9 Laps,19,2003,0,36
+9 Laps,19,2004,0,36
+9 Laps,19,2005,0,36
+9 Laps,19,2006,0,36
+9 Laps,19,2007,0,36
+9 Laps,19,2008,0,36
+9 Laps,19,2009,0,36
+9 Laps,19,2010,1,37
+9 Laps,19,2011,1,38
+9 Laps,19,2012,0,38
+9 Laps,19,2013,0,38
+9 Laps,19,2014,0,38
+9 Laps,19,2015,0,38
+9 Laps,19,2016,0,38
+9 Laps,19,2017,0,38
+9 Laps,19,2018,0,38
+9 Laps,19,2019,0,38
+9 Laps,19,2020,0,38
+9 Laps,19,2021,0,38
+9 Laps,19,2022,0,38
Spun off,20,1950,2,2
Spun off,20,1951,1,3
Spun off,20,1952,1,4
Spun off,20,1953,4,8
Spun off,20,1954,5,13
Spun off,20,1955,6,19
Spun off,20,1956,2,21
Spun off,20,1957,2,23
Spun off,20,1958,4,27
Spun off,20,1959,3,30
Spun off,20,1960,3,33
Spun off,20,1961,0,33
Spun off,20,1962,0,33
Spun off,20,1963,0,33
Spun off,20,1964,0,33
Spun off,20,1965,0,33
Spun off,20,1966,0,33
Spun off,20,1967,2,35
Spun off,20,1968,3,38
Spun off,20,1969,0,38
Spun off,20,1970,0,38
Spun off,20,1971,1,39
Spun off,20,1972,7,46
Spun off,20,1973,1,47
Spun off,20,1974,4,51
Spun off,20,1975,4,55
Spun off,20,1976,3,58
Spun off,20,1977,7,65
Spun off,20,1978,12,77
Spun off,20,1979,14,91
Spun off,20,1980,14,105
Spun off,20,1981,18,123
Spun off,20,1982,32,155
Spun off,20,1983,19,174
Spun off,20,1984,26,200
Spun off,20,1985,13,213
Spun off,20,1986,6,219
Spun off,20,1987,8,227
Spun off,20,1988,20,247
Spun off,20,1989,37,284
Spun off,20,1990,23,307
Spun off,20,1991,36,343
Spun off,20,1992,44,387
Spun off,20,1993,47,434
Spun off,20,1994,40,474
Spun off,20,1995,48,522
Spun off,20,1996,36,558
Spun off,20,1997,38,596
Spun off,20,1998,30,626
Spun off,20,1999,37,663
Spun off,20,2000,27,690
Spun off,20,2001,21,711
Spun off,20,2002,14,725
Spun off,20,2003,6,731
Spun off,20,2004,7,738
Spun off,20,2005,6,744
Spun off,20,2006,8,752
Spun off,20,2007,8,760
Spun off,20,2008,11,771
Spun off,20,2009,6,777
Spun off,20,2010,2,779
Spun off,20,2011,0,779
Spun off,20,2012,2,781
Spun off,20,2013,3,784
Spun off,20,2014,0,784
Spun off,20,2015,2,786
Spun off,20,2016,2,788
Spun off,20,2017,0,788
Spun off,20,2018,0,788
Spun off,20,2019,2,790
Spun off,20,2020,0,790
Spun off,20,2021,0,790
Spun off,20,2022,1,791
Radiator,21,1950,1,1
Radiator,21,1951,2,3
Radiator,21,1952,1,4
Radiator,21,1953,0,4
Radiator,21,1954,0,4
Radiator,21,1955,0,4
Radiator,21,1956,0,4
Radiator,21,1957,0,4
Radiator,21,1958,0,4
Radiator,21,1959,2,6
Radiator,21,1960,1,7
Radiator,21,1961,0,7
Radiator,21,1962,1,8
Radiator,21,1963,1,9
Radiator,21,1964,0,9
Radiator,21,1965,0,9
Radiator,21,1966,0,9
Radiator,21,1967,3,12
Radiator,21,1968,3,15
Radiator,21,1969,0,15
Radiator,21,1970,1,16
Radiator,21,1971,0,16
Radiator,21,1972,0,16
Radiator,21,1973,1,17
Radiator,21,1974,0,17
Radiator,21,1975,1,18
Radiator,21,1976,1,19
Radiator,21,1977,1,20
Radiator,21,1978,0,20
Radiator,21,1979,0,20
Radiator,21,1980,0,20
Radiator,21,1981,0,20
Radiator,21,1982,0,20
Radiator,21,1983,2,22
Radiator,21,1984,2,24
Radiator,21,1985,2,26
Radiator,21,1986,2,28
Radiator,21,1987,2,30
Radiator,21,1988,2,32
Radiator,21,1989,4,36
Radiator,21,1990,1,37
Radiator,21,1991,1,38
Radiator,21,1992,0,38
Radiator,21,1993,0,38
Radiator,21,1994,1,39
Radiator,21,1995,0,39
Radiator,21,1996,0,39
Radiator,21,1997,0,39
Radiator,21,1998,0,39
Radiator,21,1999,0,39
Radiator,21,2000,0,39
Radiator,21,2001,0,39
Radiator,21,2002,0,39
Radiator,21,2003,1,40
Radiator,21,2004,0,40
Radiator,21,2005,0,40
Radiator,21,2006,0,40
Radiator,21,2007,0,40
Radiator,21,2008,1,41
Radiator,21,2009,0,41
Radiator,21,2010,0,41
Radiator,21,2011,0,41
Radiator,21,2012,0,41
Radiator,21,2013,0,41
Radiator,21,2014,0,41
Radiator,21,2015,0,41
Radiator,21,2016,0,41
Radiator,21,2017,0,41
Radiator,21,2018,0,41
Radiator,21,2019,0,41
Radiator,21,2020,1,42
Radiator,21,2021,0,42
Radiator,21,2022,0,42
Suspension,22,1950,1,1
Suspension,22,1951,0,1
Suspension,22,1952,3,4
Suspension,22,1953,3,7
Suspension,22,1954,6,13
Suspension,22,1955,3,16
Suspension,22,1956,3,19
Suspension,22,1957,2,21
Suspension,22,1958,5,26
Suspension,22,1959,1,27
Suspension,22,1960,3,30
Suspension,22,1961,2,32
Suspension,22,1962,8,40
Suspension,22,1963,5,45
Suspension,22,1964,7,52
Suspension,22,1965,6,58
Suspension,22,1966,6,64
Suspension,22,1967,9,73
Suspension,22,1968,8,81
Suspension,22,1969,8,89
Suspension,22,1970,7,96
Suspension,22,1971,9,105
Suspension,22,1972,14,119
Suspension,22,1973,13,132
Suspension,22,1974,19,151
Suspension,22,1975,10,161
Suspension,22,1976,13,174
Suspension,22,1977,7,181
Suspension,22,1978,7,188
Suspension,22,1979,18,206
Suspension,22,1980,13,219
Suspension,22,1981,15,234
Suspension,22,1982,6,240
Suspension,22,1983,8,248
Suspension,22,1984,2,250
Suspension,22,1985,4,254
Suspension,22,1986,6,260
Suspension,22,1987,9,269
Suspension,22,1988,11,280
Suspension,22,1989,9,289
Suspension,22,1990,6,295
Suspension,22,1991,5,300
Suspension,22,1992,2,302
Suspension,22,1993,15,317
Suspension,22,1994,3,320
Suspension,22,1995,4,324
Suspension,22,1996,6,330
Suspension,22,1997,5,335
Suspension,22,1998,5,340
Suspension,22,1999,7,347
Suspension,22,2000,6,353
Suspension,22,2001,5,358
Suspension,22,2002,6,364
Suspension,22,2003,8,372
Suspension,22,2004,1,373
Suspension,22,2005,3,376
Suspension,22,2006,3,379
Suspension,22,2007,5,384
Suspension,22,2008,2,386
Suspension,22,2009,2,388
Suspension,22,2010,6,394
Suspension,22,2011,3,397
Suspension,22,2012,6,403
Suspension,22,2013,3,406
Suspension,22,2014,5,411
Suspension,22,2015,2,413
Suspension,22,2016,6,419
Suspension,22,2017,2,421
Suspension,22,2018,2,423
Suspension,22,2019,4,427
Suspension,22,2020,1,428
Suspension,22,2021,2,430
Suspension,22,2022,0,430
Brakes,23,1950,1,1
Brakes,23,1951,1,2
Brakes,23,1952,5,7
Brakes,23,1953,0,7
Brakes,23,1954,5,12
Brakes,23,1955,2,14
Brakes,23,1956,3,17
Brakes,23,1957,0,17
Brakes,23,1958,4,21
Brakes,23,1959,4,25
Brakes,23,1960,3,28
Brakes,23,1961,2,30
Brakes,23,1962,2,32
Brakes,23,1963,0,32
Brakes,23,1964,2,34
Brakes,23,1965,0,34
Brakes,23,1966,0,34
Brakes,23,1967,1,35
Brakes,23,1968,0,35
Brakes,23,1969,1,36
Brakes,23,1970,1,37
Brakes,23,1971,1,38
Brakes,23,1972,3,41
Brakes,23,1973,4,45
Brakes,23,1974,6,51
Brakes,23,1975,5,56
Brakes,23,1976,2,58
Brakes,23,1977,3,61
Brakes,23,1978,4,65
Brakes,23,1979,9,74
Brakes,23,1980,7,81
Brakes,23,1981,4,85
Brakes,23,1982,2,87
Brakes,23,1983,3,90
Brakes,23,1984,3,93
Brakes,23,1985,4,97
Brakes,23,1986,7,104
Brakes,23,1987,7,111
Brakes,23,1988,7,118
Brakes,23,1989,6,124
Brakes,23,1990,8,132
Brakes,23,1991,1,133
Brakes,23,1992,0,133
Brakes,23,1993,3,136
Brakes,23,1994,1,137
Brakes,23,1995,4,141
Brakes,23,1996,4,145
Brakes,23,1997,2,147
Brakes,23,1998,2,149
Brakes,23,1999,7,156
Brakes,23,2000,4,160
Brakes,23,2001,9,169
Brakes,23,2002,4,173
Brakes,23,2003,2,175
Brakes,23,2004,3,178
Brakes,23,2005,3,181
Brakes,23,2006,3,184
Brakes,23,2007,3,187
Brakes,23,2008,2,189
Brakes,23,2009,8,197
Brakes,23,2010,3,200
Brakes,23,2011,1,201
Brakes,23,2012,2,203
Brakes,23,2013,2,205
Brakes,23,2014,6,211
Brakes,23,2015,5,216
Brakes,23,2016,8,224
Brakes,23,2017,6,230
Brakes,23,2018,7,237
Brakes,23,2019,6,243
Brakes,23,2020,4,247
Brakes,23,2021,3,250
Brakes,23,2022,0,250
Differential,24,1950,0,0
Differential,24,1951,0,0
Differential,24,1952,2,2
Differential,24,1953,3,5
Differential,24,1954,0,5
Differential,24,1955,0,5
Differential,24,1956,0,5
Differential,24,1957,0,5
Differential,24,1958,0,5
Differential,24,1959,1,6
Differential,24,1960,0,6
Differential,24,1961,1,7
Differential,24,1962,2,9
Differential,24,1963,2,11
Differential,24,1964,3,14
Differential,24,1965,1,15
Differential,24,1966,2,17
Differential,24,1967,5,22
Differential,24,1968,2,24
Differential,24,1969,1,25
Differential,24,1970,2,27
Differential,24,1971,3,30
Differential,24,1972,3,33
Differential,24,1973,1,34
Differential,24,1974,0,34
Differential,24,1975,1,35
Differential,24,1976,1,36
Differential,24,1977,0,36
Differential,24,1978,1,37
Differential,24,1979,0,37
Differential,24,1980,1,38
Differential,24,1981,0,38
Differential,24,1982,1,39
Differential,24,1983,1,40
Differential,24,1984,0,40
Differential,24,1985,0,40
Differential,24,1986,3,43
Differential,24,1987,3,46
Differential,24,1988,0,46
Differential,24,1989,2,48
Differential,24,1990,2,50
Differential,24,1991,2,52
Differential,24,1992,1,53
Differential,24,1993,0,53
Differential,24,1994,1,54
Differential,24,1995,0,54
Differential,24,1996,3,57
Differential,24,1997,0,57
Differential,24,1998,0,57
Differential,24,1999,2,59
Differential,24,2000,0,59
Differential,24,2001,0,59
Differential,24,2002,0,59
Differential,24,2003,0,59
Differential,24,2004,0,59
Differential,24,2005,0,59
Differential,24,2006,0,59
Differential,24,2007,0,59
Differential,24,2008,0,59
Differential,24,2009,1,60
Differential,24,2010,0,60
Differential,24,2011,0,60
Differential,24,2012,0,60
Differential,24,2013,0,60
Differential,24,2014,0,60
Differential,24,2015,0,60
Differential,24,2016,0,60
Differential,24,2017,0,60
Differential,24,2018,0,60
Differential,24,2019,0,60
Differential,24,2020,0,60
Differential,24,2021,0,60
Differential,24,2022,0,60
Overheating,25,1950,5,5
Overheating,25,1951,4,9
Overheating,25,1952,0,9
Overheating,25,1953,4,13
Overheating,25,1954,0,13
Overheating,25,1955,1,14
Overheating,25,1956,2,16
Overheating,25,1957,3,19
Overheating,25,1958,9,28
Overheating,25,1959,2,30
Overheating,25,1960,5,35
Overheating,25,1961,6,41
Overheating,25,1962,1,42
Overheating,25,1963,2,44
Overheating,25,1964,5,49
Overheating,25,1965,0,49
Overheating,25,1966,1,50
Overheating,25,1967,4,54
Overheating,25,1968,3,57
Overheating,25,1969,0,57
Overheating,25,1970,4,61
Overheating,25,1971,3,64
Overheating,25,1972,2,66
Overheating,25,1973,8,74
Overheating,25,1974,4,78
Overheating,25,1975,2,80
Overheating,25,1976,1,81
Overheating,25,1977,2,83
Overheating,25,1978,3,86
Overheating,25,1979,0,86
Overheating,25,1980,1,87
Overheating,25,1981,1,88
Overheating,25,1982,0,88
Overheating,25,1983,1,89
Overheating,25,1984,5,94
Overheating,25,1985,0,94
Overheating,25,1986,2,96
Overheating,25,1987,6,102
Overheating,25,1988,5,107
Overheating,25,1989,4,111
Overheating,25,1990,0,111
Overheating,25,1991,1,112
Overheating,25,1992,1,113
Overheating,25,1993,3,116
Overheating,25,1994,1,117
Overheating,25,1995,1,118
Overheating,25,1996,0,118
Overheating,25,1997,0,118
Overheating,25,1998,0,118
Overheating,25,1999,1,119
Overheating,25,2000,0,119
Overheating,25,2001,0,119
Overheating,25,2002,2,121
Overheating,25,2003,0,121
Overheating,25,2004,1,122
Overheating,25,2005,0,122
Overheating,25,2006,0,122
Overheating,25,2007,0,122
Overheating,25,2008,1,123
Overheating,25,2009,1,124
Overheating,25,2010,1,125
Overheating,25,2011,0,125
Overheating,25,2012,0,125
Overheating,25,2013,0,125
Overheating,25,2014,0,125
Overheating,25,2015,0,125
Overheating,25,2016,1,126
Overheating,25,2017,0,126
Overheating,25,2018,1,127
Overheating,25,2019,1,128
Overheating,25,2020,2,130
Overheating,25,2021,0,130
Overheating,25,2022,0,130
Mechanical,26,1950,0,0
Mechanical,26,1951,0,0
Mechanical,26,1952,0,0
Mechanical,26,1953,0,0
Mechanical,26,1954,0,0
Mechanical,26,1955,0,0
Mechanical,26,1956,0,0
Mechanical,26,1957,0,0
Mechanical,26,1958,0,0
Mechanical,26,1959,0,0
Mechanical,26,1960,0,0
Mechanical,26,1961,0,0
Mechanical,26,1962,0,0
Mechanical,26,1963,0,0
Mechanical,26,1964,0,0
Mechanical,26,1965,0,0
Mechanical,26,1966,0,0
Mechanical,26,1967,0,0
Mechanical,26,1968,0,0
Mechanical,26,1969,0,0
Mechanical,26,1970,0,0
Mechanical,26,1971,0,0
Mechanical,26,1972,0,0
Mechanical,26,1973,0,0
Mechanical,26,1974,0,0
Mechanical,26,1975,0,0
Mechanical,26,1976,0,0
Mechanical,26,1977,0,0
Mechanical,26,1978,0,0
Mechanical,26,1979,0,0
Mechanical,26,1980,0,0
Mechanical,26,1981,0,0
Mechanical,26,1982,1,1
Mechanical,26,1983,0,1
Mechanical,26,1984,0,1
Mechanical,26,1985,0,1
Mechanical,26,1986,1,2
Mechanical,26,1987,0,2
Mechanical,26,1988,0,2
Mechanical,26,1989,0,2
Mechanical,26,1990,0,2
Mechanical,26,1991,0,2
Mechanical,26,1992,1,3
Mechanical,26,1993,0,3
Mechanical,26,1994,0,3
Mechanical,26,1995,0,3
Mechanical,26,1996,0,3
Mechanical,26,1997,0,3
Mechanical,26,1998,0,3
Mechanical,26,1999,0,3
Mechanical,26,2000,0,3
Mechanical,26,2001,0,3
Mechanical,26,2002,4,7
Mechanical,26,2003,1,8
Mechanical,26,2004,0,8
Mechanical,26,2005,1,9
Mechanical,26,2006,5,14
Mechanical,26,2007,1,15
Mechanical,26,2008,1,16
Mechanical,26,2009,0,16
Mechanical,26,2010,1,17
Mechanical,26,2011,1,18
Mechanical,26,2012,2,20
Mechanical,26,2013,2,22
Mechanical,26,2014,2,24
Mechanical,26,2015,0,24
Mechanical,26,2016,1,25
Mechanical,26,2017,0,25
Mechanical,26,2018,1,26
Mechanical,26,2019,0,26
Mechanical,26,2020,0,26
Mechanical,26,2021,1,27
Mechanical,26,2022,1,28
Tyre,27,1950,0,0
Tyre,27,1951,0,0
Tyre,27,1952,0,0
Tyre,27,1953,0,0
Tyre,27,1954,0,0
Tyre,27,1955,0,0
Tyre,27,1956,2,2
Tyre,27,1957,0,2
Tyre,27,1958,0,2
Tyre,27,1959,0,2
Tyre,27,1960,0,2
Tyre,27,1961,0,2
Tyre,27,1962,0,2
Tyre,27,1963,0,2
Tyre,27,1964,0,2
Tyre,27,1965,0,2
Tyre,27,1966,0,2
Tyre,27,1967,0,2
Tyre,27,1968,0,2
Tyre,27,1969,0,2
Tyre,27,1970,0,2
Tyre,27,1971,0,2
Tyre,27,1972,0,2
Tyre,27,1973,4,6
Tyre,27,1974,1,7
Tyre,27,1975,4,11
Tyre,27,1976,3,14
Tyre,27,1977,0,14
Tyre,27,1978,0,14
Tyre,27,1979,6,20
Tyre,27,1980,2,22
Tyre,27,1981,2,24
Tyre,27,1982,1,25
Tyre,27,1983,0,25
Tyre,27,1984,2,27
Tyre,27,1985,3,30
Tyre,27,1986,3,33
Tyre,27,1987,1,34
Tyre,27,1988,0,34
Tyre,27,1989,0,34
Tyre,27,1990,1,35
Tyre,27,1991,2,37
Tyre,27,1992,0,37
Tyre,27,1993,2,39
Tyre,27,1994,0,39
Tyre,27,1995,0,39
Tyre,27,1996,0,39
Tyre,27,1997,0,39
Tyre,27,1998,1,40
Tyre,27,1999,1,41
Tyre,27,2000,0,41
Tyre,27,2001,0,41
Tyre,27,2002,0,41
Tyre,27,2003,1,42
Tyre,27,2004,3,45
Tyre,27,2005,3,48
Tyre,27,2006,0,48
Tyre,27,2007,1,49
Tyre,27,2008,1,50
Tyre,27,2009,0,50
Tyre,27,2010,0,50
Tyre,27,2011,0,50
Tyre,27,2012,0,50
Tyre,27,2013,1,51
Tyre,27,2014,0,51
Tyre,27,2015,2,53
Tyre,27,2016,1,54
Tyre,27,2017,0,54
Tyre,27,2018,1,55
Tyre,27,2019,0,55
Tyre,27,2020,0,55
Tyre,27,2021,0,55
Tyre,27,2022,0,55
Driver Seat,28,1950,0,0
Driver Seat,28,1951,0,0
Driver Seat,28,1952,0,0
Driver Seat,28,1953,0,0
Driver Seat,28,1954,0,0
Driver Seat,28,1955,0,0
Driver Seat,28,1956,0,0
Driver Seat,28,1957,0,0
Driver Seat,28,1958,0,0
Driver Seat,28,1959,0,0
Driver Seat,28,1960,0,0
Driver Seat,28,1961,0,0
Driver Seat,28,1962,0,0
Driver Seat,28,1963,0,0
Driver Seat,28,1964,0,0
Driver Seat,28,1965,0,0
Driver Seat,28,1966,0,0
Driver Seat,28,1967,0,0
Driver Seat,28,1968,0,0
Driver Seat,28,1969,0,0
Driver Seat,28,1970,0,0
Driver Seat,28,1971,0,0
Driver Seat,28,1972,0,0
Driver Seat,28,1973,0,0
Driver Seat,28,1974,0,0
Driver Seat,28,1975,0,0
Driver Seat,28,1976,0,0
Driver Seat,28,1977,0,0
Driver Seat,28,1978,0,0
Driver Seat,28,1979,0,0
Driver Seat,28,1980,0,0
Driver Seat,28,1981,0,0
Driver Seat,28,1982,0,0
Driver Seat,28,1983,0,0
Driver Seat,28,1984,0,0
Driver Seat,28,1985,0,0
Driver Seat,28,1986,0,0
Driver Seat,28,1987,0,0
Driver Seat,28,1988,0,0
Driver Seat,28,1989,0,0
Driver Seat,28,1990,0,0
Driver Seat,28,1991,0,0
Driver Seat,28,1992,0,0
Driver Seat,28,1993,0,0
Driver Seat,28,1994,0,0
Driver Seat,28,1995,0,0
Driver Seat,28,1996,0,0
Driver Seat,28,1997,0,0
Driver Seat,28,1998,0,0
Driver Seat,28,1999,0,0
Driver Seat,28,2000,0,0
Driver Seat,28,2001,0,0
Driver Seat,28,2002,0,0
Driver Seat,28,2003,0,0
Driver Seat,28,2004,0,0
Driver Seat,28,2005,0,0
Driver Seat,28,2006,0,0
Driver Seat,28,2007,0,0
Driver Seat,28,2008,1,1
Driver Seat,28,2009,0,1
Driver Seat,28,2010,0,1
Driver Seat,28,2011,0,1
Driver Seat,28,2012,0,1
Driver Seat,28,2013,0,1
Driver Seat,28,2014,0,1
Driver Seat,28,2015,0,1
Driver Seat,28,2016,0,1
Driver Seat,28,2017,0,1
Driver Seat,28,2018,0,1
Driver Seat,28,2019,0,1
Driver Seat,28,2020,0,1
Driver Seat,28,2021,0,1
Driver Seat,28,2022,0,1
Puncture,29,1950,0,0
Puncture,29,1951,0,0
Puncture,29,1952,0,0
Puncture,29,1953,0,0
Puncture,29,1954,0,0
Puncture,29,1955,0,0
Puncture,29,1956,0,0
Puncture,29,1957,0,0
Puncture,29,1958,0,0
Puncture,29,1959,0,0
Puncture,29,1960,0,0
Puncture,29,1961,0,0
Puncture,29,1962,1,1
Puncture,29,1963,0,1
Puncture,29,1964,0,1
Puncture,29,1965,0,1
Puncture,29,1966,0,1
Puncture,29,1967,0,1
Puncture,29,1968,0,1
Puncture,29,1969,0,1
Puncture,29,1970,0,1
Puncture,29,1971,0,1
Puncture,29,1972,0,1
Puncture,29,1973,0,1
Puncture,29,1974,1,2
Puncture,29,1975,0,2
Puncture,29,1976,0,2
Puncture,29,1977,0,2
Puncture,29,1978,0,2
Puncture,29,1979,0,2
Puncture,29,1980,5,7
Puncture,29,1981,3,10
Puncture,29,1982,0,10
Puncture,29,1983,0,10
Puncture,29,1984,0,10
Puncture,29,1985,1,11
Puncture,29,1986,3,14
Puncture,29,1987,0,14
Puncture,29,1988,1,15
Puncture,29,1989,0,15
Puncture,29,1990,1,16
Puncture,29,1991,0,16
Puncture,29,1992,2,18
Puncture,29,1993,0,18
Puncture,29,1994,1,19
Puncture,29,1995,1,20
Puncture,29,1996,0,20
Puncture,29,1997,1,21
Puncture,29,1998,1,22
Puncture,29,1999,0,22
Puncture,29,2000,0,22
Puncture,29,2001,0,22
Puncture,29,2002,0,22
Puncture,29,2003,0,22
Puncture,29,2004,1,23
Puncture,29,2005,3,26
Puncture,29,2006,0,26
Puncture,29,2007,2,28
Puncture,29,2008,0,28
Puncture,29,2009,0,28
Puncture,29,2010,1,29
Puncture,29,2011,1,30
Puncture,29,2012,2,32
Puncture,29,2013,2,34
Puncture,29,2014,0,34
Puncture,29,2015,0,34
Puncture,29,2016,1,35
Puncture,29,2017,0,35
Puncture,29,2018,3,38
Puncture,29,2019,0,38
Puncture,29,2020,2,40
Puncture,29,2021,1,41
Puncture,29,2022,0,41
Driveshaft,30,1950,0,0
Driveshaft,30,1951,0,0
Driveshaft,30,1952,0,0
Driveshaft,30,1953,0,0
Driveshaft,30,1954,0,0
Driveshaft,30,1955,0,0
Driveshaft,30,1956,0,0
Driveshaft,30,1957,0,0
Driveshaft,30,1958,0,0
Driveshaft,30,1959,0,0
Driveshaft,30,1960,0,0
Driveshaft,30,1961,0,0
Driveshaft,30,1962,0,0
Driveshaft,30,1963,0,0
Driveshaft,30,1964,0,0
Driveshaft,30,1965,0,0
Driveshaft,30,1966,0,0
Driveshaft,30,1967,0,0
Driveshaft,30,1968,0,0
Driveshaft,30,1969,0,0
Driveshaft,30,1970,0,0
Driveshaft,30,1971,0,0
Driveshaft,30,1972,0,0
Driveshaft,30,1973,0,0
Driveshaft,30,1974,0,0
Driveshaft,30,1975,0,0
Driveshaft,30,1976,0,0
Driveshaft,30,1977,0,0
Driveshaft,30,1978,0,0
Driveshaft,30,1979,0,0
Driveshaft,30,1980,0,0
Driveshaft,30,1981,0,0
Driveshaft,30,1982,0,0
Driveshaft,30,1983,0,0
Driveshaft,30,1984,0,0
Driveshaft,30,1985,0,0
Driveshaft,30,1986,0,0
Driveshaft,30,1987,1,1
Driveshaft,30,1988,0,1
Driveshaft,30,1989,0,1
Driveshaft,30,1990,0,1
Driveshaft,30,1991,0,1
Driveshaft,30,1992,0,1
Driveshaft,30,1993,0,1
Driveshaft,30,1994,0,1
Driveshaft,30,1995,0,1
Driveshaft,30,1996,0,1
Driveshaft,30,1997,0,1
Driveshaft,30,1998,0,1
Driveshaft,30,1999,0,1
Driveshaft,30,2000,0,1
Driveshaft,30,2001,4,5
Driveshaft,30,2002,3,8
Driveshaft,30,2003,1,9
Driveshaft,30,2004,2,11
Driveshaft,30,2005,2,13
Driveshaft,30,2006,7,20
Driveshaft,30,2007,2,22
Driveshaft,30,2008,0,22
Driveshaft,30,2009,0,22
Driveshaft,30,2010,1,23
Driveshaft,30,2011,0,23
Driveshaft,30,2012,0,23
Driveshaft,30,2013,0,23
Driveshaft,30,2014,0,23
Driveshaft,30,2015,0,23
Driveshaft,30,2016,0,23
Driveshaft,30,2017,1,24
Driveshaft,30,2018,0,24
Driveshaft,30,2019,0,24
Driveshaft,30,2020,0,24
Driveshaft,30,2021,1,25
Driveshaft,30,2022,0,25
Retired,31,1950,2,2
Retired,31,1951,1,3
Retired,31,1952,6,9
Retired,31,1953,9,18
Retired,31,1954,5,23
Retired,31,1955,1,24
Retired,31,1956,0,24
Retired,31,1957,1,25
Retired,31,1958,0,25
Retired,31,1959,0,25
Retired,31,1960,0,25
Retired,31,1961,0,25
Retired,31,1962,0,25
Retired,31,1963,1,26
Retired,31,1964,0,26
Retired,31,1965,0,26
Retired,31,1966,1,27
Retired,31,1967,0,27
Retired,31,1968,0,27
Retired,31,1969,0,27
Retired,31,1970,0,27
Retired,31,1971,0,27
Retired,31,1972,0,27
Retired,31,1973,0,27
Retired,31,1974,0,27
Retired,31,1975,0,27
Retired,31,1976,1,28
Retired,31,1977,0,28
Retired,31,1978,0,28
Retired,31,1979,0,28
Retired,31,1980,0,28
Retired,31,1981,1,29
Retired,31,1982,1,30
Retired,31,1983,0,30
Retired,31,1984,0,30
Retired,31,1985,1,31
Retired,31,1986,0,31
Retired,31,1987,0,31
Retired,31,1988,0,31
Retired,31,1989,0,31
Retired,31,1990,0,31
Retired,31,1991,0,31
Retired,31,1992,0,31
Retired,31,1993,0,31
Retired,31,1994,0,31
Retired,31,1995,0,31
Retired,31,1996,0,31
Retired,31,1997,0,31
Retired,31,1998,0,31
Retired,31,1999,0,31
Retired,31,2000,0,31
Retired,31,2001,0,31
Retired,31,2002,0,31
Retired,31,2003,0,31
Retired,31,2004,0,31
Retired,31,2005,2,33
Retired,31,2006,1,34
Retired,31,2007,3,37
Retired,31,2008,0,37
Retired,31,2009,3,40
Retired,31,2010,3,43
Retired,31,2011,5,48
Retired,31,2012,6,54
Retired,31,2013,3,57
Retired,31,2014,8,65
Retired,31,2015,12,77
Retired,31,2016,10,87
Retired,31,2017,0,87
Retired,31,2018,2,89
Retired,31,2019,2,91
Retired,31,2020,1,92
Retired,31,2021,3,95
Retired,31,2022,0,95
Fuel pressure,32,1950,0,0
Fuel pressure,32,1951,0,0
Fuel pressure,32,1952,0,0
Fuel pressure,32,1953,0,0
Fuel pressure,32,1954,0,0
Fuel pressure,32,1955,3,3
Fuel pressure,32,1956,0,3
Fuel pressure,32,1957,0,3
Fuel pressure,32,1958,0,3
Fuel pressure,32,1959,0,3
Fuel pressure,32,1960,0,3
Fuel pressure,32,1961,0,3
Fuel pressure,32,1962,0,3
Fuel pressure,32,1963,0,3
Fuel pressure,32,1964,0,3
Fuel pressure,32,1965,0,3
Fuel pressure,32,1966,0,3
Fuel pressure,32,1967,0,3
Fuel pressure,32,1968,0,3
Fuel pressure,32,1969,0,3
Fuel pressure,32,1970,1,4
Fuel pressure,32,1971,1,5
Fuel pressure,32,1972,0,5
Fuel pressure,32,1973,0,5
Fuel pressure,32,1974,0,5
Fuel pressure,32,1975,0,5
Fuel pressure,32,1976,0,5
Fuel pressure,32,1977,2,7
Fuel pressure,32,1978,0,7
Fuel pressure,32,1979,0,7
Fuel pressure,32,1980,0,7
Fuel pressure,32,1981,0,7
Fuel pressure,32,1982,0,7
Fuel pressure,32,1983,0,7
Fuel pressure,32,1984,0,7
Fuel pressure,32,1985,0,7
Fuel pressure,32,1986,0,7
Fuel pressure,32,1987,0,7
Fuel pressure,32,1988,0,7
Fuel pressure,32,1989,0,7
Fuel pressure,32,1990,0,7
Fuel pressure,32,1991,0,7
Fuel pressure,32,1992,0,7
Fuel pressure,32,1993,0,7
Fuel pressure,32,1994,0,7
Fuel pressure,32,1995,0,7
Fuel pressure,32,1996,0,7
Fuel pressure,32,1997,0,7
Fuel pressure,32,1998,0,7
Fuel pressure,32,1999,3,10
Fuel pressure,32,2000,2,12
Fuel pressure,32,2001,6,18
Fuel pressure,32,2002,1,19
Fuel pressure,32,2003,4,23
Fuel pressure,32,2004,0,23
Fuel pressure,32,2005,1,24
Fuel pressure,32,2006,0,24
Fuel pressure,32,2007,3,27
Fuel pressure,32,2008,0,27
Fuel pressure,32,2009,0,27
Fuel pressure,32,2010,1,28
Fuel pressure,32,2011,0,28
Fuel pressure,32,2012,2,30
Fuel pressure,32,2013,0,30
Fuel pressure,32,2014,0,30
Fuel pressure,32,2015,0,30
Fuel pressure,32,2016,0,30
Fuel pressure,32,2017,1,31
Fuel pressure,32,2018,1,32
Fuel pressure,32,2019,0,32
Fuel pressure,32,2020,1,33
Fuel pressure,32,2021,0,33
Fuel pressure,32,2022,0,33
Front wing,33,1950,0,0
Front wing,33,1951,0,0
Front wing,33,1952,0,0
Front wing,33,1953,0,0
Front wing,33,1954,0,0
Front wing,33,1955,0,0
Front wing,33,1956,0,0
Front wing,33,1957,0,0
Front wing,33,1958,0,0
Front wing,33,1959,0,0
Front wing,33,1960,0,0
Front wing,33,1961,0,0
Front wing,33,1962,0,0
Front wing,33,1963,0,0
Front wing,33,1964,0,0
Front wing,33,1965,0,0
Front wing,33,1966,0,0
Front wing,33,1967,0,0
Front wing,33,1968,0,0
Front wing,33,1969,0,0
Front wing,33,1970,0,0
Front wing,33,1971,0,0
Front wing,33,1972,0,0
Front wing,33,1973,0,0
Front wing,33,1974,0,0
Front wing,33,1975,0,0
Front wing,33,1976,0,0
Front wing,33,1977,0,0
Front wing,33,1978,0,0
Front wing,33,1979,0,0
Front wing,33,1980,0,0
Front wing,33,1981,0,0
Front wing,33,1982,0,0
Front wing,33,1983,0,0
Front wing,33,1984,0,0
Front wing,33,1985,0,0
Front wing,33,1986,0,0
Front wing,33,1987,0,0
Front wing,33,1988,0,0
Front wing,33,1989,0,0
Front wing,33,1990,0,0
Front wing,33,1991,0,0
Front wing,33,1992,0,0
Front wing,33,1993,0,0
Front wing,33,1994,0,0
Front wing,33,1995,0,0
Front wing,33,1996,0,0
Front wing,33,1997,0,0
Front wing,33,1998,0,0
Front wing,33,1999,0,0
Front wing,33,2000,0,0
Front wing,33,2001,0,0
Front wing,33,2002,0,0
Front wing,33,2003,0,0
Front wing,33,2004,0,0
Front wing,33,2005,0,0
Front wing,33,2006,0,0
Front wing,33,2007,1,1
Front wing,33,2008,0,1
Front wing,33,2009,0,1
Front wing,33,2010,1,2
Front wing,33,2011,0,2
Front wing,33,2012,0,2
Front wing,33,2013,0,2
Front wing,33,2014,0,2
Front wing,33,2015,1,3
Front wing,33,2016,0,3
Front wing,33,2017,1,4
Front wing,33,2018,0,4
Front wing,33,2019,0,4
Front wing,33,2020,0,4
Front wing,33,2021,0,4
Front wing,33,2022,0,4
Water pressure,34,1950,0,0
Water pressure,34,1951,0,0
Water pressure,34,1952,0,0
Water pressure,34,1953,0,0
Water pressure,34,1954,0,0
Water pressure,34,1955,0,0
Water pressure,34,1956,0,0
Water pressure,34,1957,0,0
Water pressure,34,1958,0,0
Water pressure,34,1959,0,0
Water pressure,34,1960,0,0
Water pressure,34,1961,0,0
Water pressure,34,1962,0,0
Water pressure,34,1963,0,0
Water pressure,34,1964,0,0
Water pressure,34,1965,0,0
Water pressure,34,1966,0,0
Water pressure,34,1967,0,0
Water pressure,34,1968,0,0
Water pressure,34,1969,0,0
Water pressure,34,1970,0,0
Water pressure,34,1971,0,0
Water pressure,34,1972,0,0
Water pressure,34,1973,0,0
Water pressure,34,1974,0,0
Water pressure,34,1975,0,0
Water pressure,34,1976,0,0
Water pressure,34,1977,0,0
Water pressure,34,1978,0,0
Water pressure,34,1979,0,0
Water pressure,34,1980,0,0
Water pressure,34,1981,0,0
Water pressure,34,1982,0,0
Water pressure,34,1983,0,0
Water pressure,34,1984,0,0
Water pressure,34,1985,0,0
Water pressure,34,1986,0,0
Water pressure,34,1987,0,0
Water pressure,34,1988,0,0
Water pressure,34,1989,0,0
Water pressure,34,1990,0,0
Water pressure,34,1991,0,0
Water pressure,34,1992,0,0
Water pressure,34,1993,0,0
Water pressure,34,1994,0,0
Water pressure,34,1995,0,0
Water pressure,34,1996,0,0
Water pressure,34,1997,0,0
Water pressure,34,1998,0,0
Water pressure,34,1999,0,0
Water pressure,34,2000,0,0
Water pressure,34,2001,0,0
Water pressure,34,2002,0,0
Water pressure,34,2003,0,0
Water pressure,34,2004,0,0
Water pressure,34,2005,0,0
Water pressure,34,2006,0,0
Water pressure,34,2007,1,1
Water pressure,34,2008,0,1
Water pressure,34,2009,0,1
Water pressure,34,2010,0,1
Water pressure,34,2011,0,1
Water pressure,34,2012,0,1
Water pressure,34,2013,1,2
Water pressure,34,2014,1,3
Water pressure,34,2015,0,3
Water pressure,34,2016,0,3
Water pressure,34,2017,1,4
Water pressure,34,2018,0,4
Water pressure,34,2019,1,5
Water pressure,34,2020,1,6
Water pressure,34,2021,0,6
Water pressure,34,2022,0,6
Refuelling,35,1950,0,0
Refuelling,35,1951,0,0
Refuelling,35,1952,0,0
Refuelling,35,1953,0,0
Refuelling,35,1954,0,0
Refuelling,35,1955,0,0
Refuelling,35,1956,0,0
Refuelling,35,1957,0,0
Refuelling,35,1958,0,0
Refuelling,35,1959,0,0
Refuelling,35,1960,0,0
Refuelling,35,1961,0,0
Refuelling,35,1962,0,0
Refuelling,35,1963,0,0
Refuelling,35,1964,0,0
Refuelling,35,1965,0,0
Refuelling,35,1966,0,0
Refuelling,35,1967,0,0
Refuelling,35,1968,0,0
Refuelling,35,1969,0,0
Refuelling,35,1970,0,0
Refuelling,35,1971,0,0
Refuelling,35,1972,0,0
Refuelling,35,1973,0,0
Refuelling,35,1974,0,0
Refuelling,35,1975,0,0
Refuelling,35,1976,0,0
Refuelling,35,1977,0,0
Refuelling,35,1978,0,0
Refuelling,35,1979,0,0
Refuelling,35,1980,0,0
Refuelling,35,1981,0,0
Refuelling,35,1982,0,0
Refuelling,35,1983,0,0
Refuelling,35,1984,0,0
Refuelling,35,1985,0,0
Refuelling,35,1986,0,0
Refuelling,35,1987,0,0
Refuelling,35,1988,0,0
Refuelling,35,1989,0,0
Refuelling,35,1990,0,0
Refuelling,35,1991,0,0
Refuelling,35,1992,0,0
Refuelling,35,1993,0,0
Refuelling,35,1994,0,0
Refuelling,35,1995,0,0
Refuelling,35,1996,0,0
Refuelling,35,1997,0,0
Refuelling,35,1998,0,0
Refuelling,35,1999,0,0
Refuelling,35,2000,0,0
Refuelling,35,2001,0,0
Refuelling,35,2002,0,0
Refuelling,35,2003,0,0
Refuelling,35,2004,0,0
Refuelling,35,2005,0,0
Refuelling,35,2006,0,0
Refuelling,35,2007,1,1
Refuelling,35,2008,0,1
Refuelling,35,2009,0,1
Refuelling,35,2010,0,1
Refuelling,35,2011,0,1
Refuelling,35,2012,0,1
Refuelling,35,2013,0,1
Refuelling,35,2014,0,1
Refuelling,35,2015,0,1
Refuelling,35,2016,0,1
Refuelling,35,2017,0,1
Refuelling,35,2018,0,1
Refuelling,35,2019,0,1
Refuelling,35,2020,0,1
Refuelling,35,2021,0,1
Refuelling,35,2022,0,1
Wheel,36,1950,0,0
Wheel,36,1951,1,1
Wheel,36,1952,1,2
Wheel,36,1953,3,5
Wheel,36,1954,2,7
Wheel,36,1955,0,7
Wheel,36,1956,1,8
Wheel,36,1957,1,9
Wheel,36,1958,0,9
Wheel,36,1959,1,10
Wheel,36,1960,0,10
Wheel,36,1961,0,10
Wheel,36,1962,0,10
Wheel,36,1963,1,11
Wheel,36,1964,1,12
Wheel,36,1965,1,13
Wheel,36,1966,0,13
Wheel,36,1967,0,13
Wheel,36,1968,2,15
Wheel,36,1969,0,15
Wheel,36,1970,2,17
Wheel,36,1971,1,18
Wheel,36,1972,0,18
Wheel,36,1973,3,21
Wheel,36,1974,0,21
Wheel,36,1975,2,23
Wheel,36,1976,1,24
Wheel,36,1977,1,25
Wheel,36,1978,3,28
Wheel,36,1979,3,31
Wheel,36,1980,1,32
Wheel,36,1981,0,32
Wheel,36,1982,1,33
Wheel,36,1983,3,36
Wheel,36,1984,2,38
Wheel,36,1985,0,38
Wheel,36,1986,1,39
Wheel,36,1987,3,42
Wheel,36,1988,1,43
Wheel,36,1989,3,46
Wheel,36,1990,3,49
Wheel,36,1991,2,51
Wheel,36,1992,1,52
Wheel,36,1993,0,52
Wheel,36,1994,2,54
Wheel,36,1995,2,56
Wheel,36,1996,2,58
Wheel,36,1997,1,59
Wheel,36,1998,1,60
Wheel,36,1999,2,62
Wheel,36,2000,1,63
Wheel,36,2001,0,63
Wheel,36,2002,1,64
Wheel,36,2003,0,64
Wheel,36,2004,1,65
Wheel,36,2005,0,65
Wheel,36,2006,0,65
Wheel,36,2007,1,66
Wheel,36,2008,0,66
Wheel,36,2009,1,67
Wheel,36,2010,5,72
Wheel,36,2011,2,74
Wheel,36,2012,0,74
Wheel,36,2013,3,77
Wheel,36,2014,0,77
Wheel,36,2015,1,78
Wheel,36,2016,1,79
Wheel,36,2017,2,81
Wheel,36,2018,4,85
Wheel,36,2019,2,87
Wheel,36,2020,1,88
Wheel,36,2021,0,88
Wheel,36,2022,0,88
Throttle,37,1950,0,0
Throttle,37,1951,0,0
Throttle,37,1952,0,0
Throttle,37,1953,4,4
Throttle,37,1954,0,4
Throttle,37,1955,2,6
Throttle,37,1956,1,7
Throttle,37,1957,1,8
Throttle,37,1958,1,9
Throttle,37,1959,0,9
Throttle,37,1960,0,9
Throttle,37,1961,0,9
Throttle,37,1962,1,10
Throttle,37,1963,0,10
Throttle,37,1964,1,11
Throttle,37,1965,0,11
Throttle,37,1966,1,12
Throttle,37,1967,3,15
Throttle,37,1968,2,17
Throttle,37,1969,0,17
Throttle,37,1970,1,18
Throttle,37,1971,0,18
Throttle,37,1972,0,18
Throttle,37,1973,4,22
Throttle,37,1974,3,25
Throttle,37,1975,2,27
Throttle,37,1976,1,28
Throttle,37,1977,2,30
Throttle,37,1978,2,32
Throttle,37,1979,1,33
Throttle,37,1980,1,34
Throttle,37,1981,2,36
Throttle,37,1982,3,39
Throttle,37,1983,5,44
Throttle,37,1984,2,46
Throttle,37,1985,1,47
Throttle,37,1986,1,48
Throttle,37,1987,1,49
Throttle,37,1988,6,55
Throttle,37,1989,3,58
Throttle,37,1990,6,64
Throttle,37,1991,6,70
Throttle,37,1992,2,72
Throttle,37,1993,4,76
Throttle,37,1994,4,80
Throttle,37,1995,3,83
Throttle,37,1996,5,88
Throttle,37,1997,1,89
Throttle,37,1998,7,96
Throttle,37,1999,3,99
Throttle,37,2000,1,100
Throttle,37,2001,0,100
Throttle,37,2002,3,103
Throttle,37,2003,0,103
Throttle,37,2004,1,104
Throttle,37,2005,0,104
Throttle,37,2006,1,105
Throttle,37,2007,2,107
Throttle,37,2008,0,107
Throttle,37,2009,0,107
Throttle,37,2010,1,108
Throttle,37,2011,0,108
Throttle,37,2012,1,109
Throttle,37,2013,0,109
Throttle,37,2014,0,109
Throttle,37,2015,2,111
Throttle,37,2016,0,111
Throttle,37,2017,0,111
Throttle,37,2018,0,111
Throttle,37,2019,0,111
Throttle,37,2020,0,111
Throttle,37,2021,0,111
Throttle,37,2022,0,111
Steering,38,1950,0,0
Steering,38,1951,0,0
Steering,38,1952,1,1
Steering,38,1953,0,1
Steering,38,1954,1,2
Steering,38,1955,0,2
Steering,38,1956,4,6
Steering,38,1957,3,9
Steering,38,1958,1,10
Steering,38,1959,0,10
Steering,38,1960,1,11
Steering,38,1961,0,11
Steering,38,1962,0,11
Steering,38,1963,1,12
Steering,38,1964,2,14
Steering,38,1965,0,14
Steering,38,1966,0,14
Steering,38,1967,0,14
Steering,38,1968,0,14
Steering,38,1969,0,14
Steering,38,1970,0,14
Steering,38,1971,1,15
Steering,38,1972,0,15
Steering,38,1973,0,15
Steering,38,1974,0,15
Steering,38,1975,0,15
Steering,38,1976,0,15
Steering,38,1977,0,15
Steering,38,1978,0,15
Steering,38,1979,3,18
Steering,38,1980,1,19
Steering,38,1981,0,19
Steering,38,1982,2,21
Steering,38,1983,0,21
Steering,38,1984,1,22
Steering,38,1985,1,23
Steering,38,1986,4,27
Steering,38,1987,0,27
Steering,38,1988,1,28
Steering,38,1989,0,28
Steering,38,1990,1,29
Steering,38,1991,0,29
Steering,38,1992,1,30
Steering,38,1993,1,31
Steering,38,1994,1,32
Steering,38,1995,1,33
Steering,38,1996,1,34
Steering,38,1997,1,35
Steering,38,1998,0,35
Steering,38,1999,1,36
Steering,38,2000,0,36
Steering,38,2001,3,39
Steering,38,2002,1,40
Steering,38,2003,0,40
Steering,38,2004,1,41
Steering,38,2005,0,41
Steering,38,2006,2,43
Steering,38,2007,1,44
Steering,38,2008,0,44
Steering,38,2009,0,44
Steering,38,2010,1,45
Steering,38,2011,0,45
Steering,38,2012,1,46
Steering,38,2013,0,46
Steering,38,2014,0,46
Steering,38,2015,0,46
Steering,38,2016,0,46
Steering,38,2017,0,46
Steering,38,2018,1,47
Steering,38,2019,0,47
Steering,38,2020,0,47
Steering,38,2021,0,47
Steering,38,2022,1,48
Technical,39,1950,0,0
Technical,39,1951,0,0
Technical,39,1952,0,0
Technical,39,1953,0,0
Technical,39,1954,0,0
Technical,39,1955,0,0
Technical,39,1956,0,0
Technical,39,1957,0,0
Technical,39,1958,0,0
Technical,39,1959,0,0
Technical,39,1960,0,0
Technical,39,1961,0,0
Technical,39,1962,0,0
Technical,39,1963,0,0
Technical,39,1964,0,0
Technical,39,1965,0,0
Technical,39,1966,0,0
Technical,39,1967,0,0
Technical,39,1968,0,0
Technical,39,1969,0,0
Technical,39,1970,0,0
Technical,39,1971,0,0
Technical,39,1972,0,0
Technical,39,1973,0,0
Technical,39,1974,0,0
Technical,39,1975,0,0
Technical,39,1976,0,0
Technical,39,1977,0,0
Technical,39,1978,0,0
Technical,39,1979,0,0
Technical,39,1980,0,0
Technical,39,1981,0,0
Technical,39,1982,0,0
Technical,39,1983,0,0
Technical,39,1984,0,0
Technical,39,1985,0,0
Technical,39,1986,0,0
Technical,39,1987,0,0
Technical,39,1988,0,0
Technical,39,1989,0,0
Technical,39,1990,0,0
Technical,39,1991,0,0
Technical,39,1992,0,0
Technical,39,1993,0,0
Technical,39,1994,0,0
Technical,39,1995,0,0
Technical,39,1996,0,0
Technical,39,1997,0,0
Technical,39,1998,0,0
Technical,39,1999,0,0
Technical,39,2000,0,0
Technical,39,2001,0,0
Technical,39,2002,0,0
Technical,39,2003,0,0
Technical,39,2004,0,0
Technical,39,2005,0,0
Technical,39,2006,1,1
Technical,39,2007,1,2
Technical,39,2008,0,2
Technical,39,2009,0,2
Technical,39,2010,1,3
Technical,39,2011,0,3
Technical,39,2012,0,3
Technical,39,2013,0,3
Technical,39,2014,1,4
Technical,39,2015,0,4
Technical,39,2016,0,4
Technical,39,2017,0,4
Technical,39,2018,0,4
Technical,39,2019,0,4
Technical,39,2020,0,4
Technical,39,2021,0,4
Technical,39,2022,0,4
Electronics,40,1950,0,0
Electronics,40,1951,0,0
Electronics,40,1952,0,0
Electronics,40,1953,0,0
Electronics,40,1954,0,0
Electronics,40,1955,0,0
Electronics,40,1956,0,0
Electronics,40,1957,0,0
Electronics,40,1958,0,0
Electronics,40,1959,0,0
Electronics,40,1960,0,0
Electronics,40,1961,0,0
Electronics,40,1962,0,0
Electronics,40,1963,0,0
Electronics,40,1964,0,0
Electronics,40,1965,0,0
Electronics,40,1966,0,0
Electronics,40,1967,0,0
Electronics,40,1968,0,0
Electronics,40,1969,0,0
Electronics,40,1970,0,0
Electronics,40,1971,0,0
Electronics,40,1972,0,0
Electronics,40,1973,0,0
Electronics,40,1974,0,0
Electronics,40,1975,0,0
Electronics,40,1976,0,0
Electronics,40,1977,0,0
Electronics,40,1978,0,0
Electronics,40,1979,0,0
Electronics,40,1980,0,0
Electronics,40,1981,0,0
Electronics,40,1982,0,0
Electronics,40,1983,0,0
Electronics,40,1984,0,0
Electronics,40,1985,0,0
Electronics,40,1986,0,0
Electronics,40,1987,0,0
Electronics,40,1988,0,0
Electronics,40,1989,0,0
Electronics,40,1990,0,0
Electronics,40,1991,0,0
Electronics,40,1992,0,0
Electronics,40,1993,0,0
Electronics,40,1994,0,0
Electronics,40,1995,0,0
Electronics,40,1996,0,0
Electronics,40,1997,0,0
Electronics,40,1998,0,0
Electronics,40,1999,0,0
Electronics,40,2000,0,0
Electronics,40,2001,0,0
Electronics,40,2002,1,1
Electronics,40,2003,1,2
Electronics,40,2004,1,3
Electronics,40,2005,0,3
Electronics,40,2006,1,4
Electronics,40,2007,1,5
Electronics,40,2008,0,5
Electronics,40,2009,1,6
Electronics,40,2010,0,6
Electronics,40,2011,0,6
Electronics,40,2012,1,7
Electronics,40,2013,0,7
Electronics,40,2014,1,8
Electronics,40,2015,0,8
Electronics,40,2016,0,8
Electronics,40,2017,0,8
Electronics,40,2018,0,8
Electronics,40,2019,0,8
Electronics,40,2020,3,11
Electronics,40,2021,0,11
Electronics,40,2022,0,11
Broken wing,41,1950,0,0
Broken wing,41,1951,0,0
Broken wing,41,1952,0,0
Broken wing,41,1953,0,0
Broken wing,41,1954,0,0
Broken wing,41,1955,0,0
Broken wing,41,1956,0,0
Broken wing,41,1957,0,0
Broken wing,41,1958,0,0
Broken wing,41,1959,0,0
Broken wing,41,1960,0,0
Broken wing,41,1961,0,0
Broken wing,41,1962,0,0
Broken wing,41,1963,0,0
Broken wing,41,1964,0,0
Broken wing,41,1965,0,0
Broken wing,41,1966,0,0
Broken wing,41,1967,0,0
Broken wing,41,1968,1,1
Broken wing,41,1969,0,1
Broken wing,41,1970,0,1
Broken wing,41,1971,0,1
Broken wing,41,1972,0,1
Broken wing,41,1973,0,1
Broken wing,41,1974,0,1
Broken wing,41,1975,0,1
Broken wing,41,1976,0,1
Broken wing,41,1977,0,1
Broken wing,41,1978,0,1
Broken wing,41,1979,0,1
Broken wing,41,1980,0,1
Broken wing,41,1981,0,1
Broken wing,41,1982,1,2
Broken wing,41,1983,0,2
Broken wing,41,1984,0,2
Broken wing,41,1985,0,2
Broken wing,41,1986,1,3
Broken wing,41,1987,0,3
Broken wing,41,1988,1,4
Broken wing,41,1989,0,4
Broken wing,41,1990,1,5
Broken wing,41,1991,0,5
Broken wing,41,1992,1,6
Broken wing,41,1993,0,6
Broken wing,41,1994,1,7
Broken wing,41,1995,0,7
Broken wing,41,1996,1,8
Broken wing,41,1997,0,8
Broken wing,41,1998,1,9
Broken wing,41,1999,0,9
Broken wing,41,2000,0,9
Broken wing,41,2001,0,9
Broken wing,41,2002,1,10
Broken wing,41,2003,0,10
Broken wing,41,2004,0,10
Broken wing,41,2005,0,10
Broken wing,41,2006,1,11
Broken wing,41,2007,0,11
Broken wing,41,2008,0,11
Broken wing,41,2009,0,11
Broken wing,41,2010,0,11
Broken wing,41,2011,0,11
Broken wing,41,2012,0,11
Broken wing,41,2013,0,11
Broken wing,41,2014,0,11
Broken wing,41,2015,0,11
Broken wing,41,2016,0,11
Broken wing,41,2017,0,11
Broken wing,41,2018,0,11
Broken wing,41,2019,0,11
Broken wing,41,2020,0,11
Broken wing,41,2021,0,11
Broken wing,41,2022,0,11
Heat shield fire,42,1950,0,0
Heat shield fire,42,1951,2,2
Heat shield fire,42,1952,0,2
Heat shield fire,42,1953,0,2
Heat shield fire,42,1954,1,3
Heat shield fire,42,1955,0,3
Heat shield fire,42,1956,0,3
Heat shield fire,42,1957,0,3
Heat shield fire,42,1958,1,4
Heat shield fire,42,1959,2,6
Heat shield fire,42,1960,0,6
Heat shield fire,42,1961,1,7
Heat shield fire,42,1962,0,7
Heat shield fire,42,1963,0,7
Heat shield fire,42,1964,0,7
Heat shield fire,42,1965,0,7
Heat shield fire,42,1966,0,7
Heat shield fire,42,1967,0,7
Heat shield fire,42,1968,0,7
Heat shield fire,42,1969,0,7
Heat shield fire,42,1970,0,7
Heat shield fire,42,1971,0,7
Heat shield fire,42,1972,0,7
Heat shield fire,42,1973,0,7
Heat shield fire,42,1974,1,8
Heat shield fire,42,1975,0,8
Heat shield fire,42,1976,0,8
Heat shield fire,42,1977,0,8
Heat shield fire,42,1978,0,8
Heat shield fire,42,1979,0,8
Heat shield fire,42,1980,1,9
Heat shield fire,42,1981,1,10
Heat shield fire,42,1982,0,10
Heat shield fire,42,1983,1,11
Heat shield fire,42,1984,0,11
Heat shield fire,42,1985,1,12
Heat shield fire,42,1986,1,13
Heat shield fire,42,1987,0,13
Heat shield fire,42,1988,0,13
Heat shield fire,42,1989,0,13
Heat shield fire,42,1990,0,13
Heat shield fire,42,1991,0,13
Heat shield fire,42,1992,0,13
Heat shield fire,42,1993,0,13
Heat shield fire,42,1994,1,14
Heat shield fire,42,1995,2,16
Heat shield fire,42,1996,1,17
Heat shield fire,42,1997,0,17
Heat shield fire,42,1998,0,17
Heat shield fire,42,1999,0,17
Heat shield fire,42,2000,0,17
Heat shield fire,42,2001,0,17
Heat shield fire,42,2002,0,17
Heat shield fire,42,2003,0,17
Heat shield fire,42,2004,0,17
Heat shield fire,42,2005,0,17
Heat shield fire,42,2006,1,18
Heat shield fire,42,2007,0,18
Heat shield fire,42,2008,0,18
Heat shield fire,42,2009,0,18
Heat shield fire,42,2010,0,18
Heat shield fire,42,2011,1,19
Heat shield fire,42,2012,0,19
Heat shield fire,42,2013,0,19
Heat shield fire,42,2014,0,19
Heat shield fire,42,2015,0,19
Heat shield fire,42,2016,0,19
Heat shield fire,42,2017,0,19
Heat shield fire,42,2018,0,19
Heat shield fire,42,2019,0,19
Heat shield fire,42,2020,0,19
Heat shield fire,42,2021,0,19
Heat shield fire,42,2022,0,19
Exhaust,43,1950,0,0
Exhaust,43,1951,0,0
Exhaust,43,1952,1,1
Exhaust,43,1953,1,2
Exhaust,43,1954,0,2
Exhaust,43,1955,0,2
Exhaust,43,1956,0,2
Exhaust,43,1957,0,2
Exhaust,43,1958,0,2
Exhaust,43,1959,0,2
Exhaust,43,1960,0,2
Exhaust,43,1961,0,2
Exhaust,43,1962,0,2
Exhaust,43,1963,0,2
Exhaust,43,1964,0,2
Exhaust,43,1965,0,2
Exhaust,43,1966,0,2
Exhaust,43,1967,0,2
Exhaust,43,1968,0,2
Exhaust,43,1969,0,2
Exhaust,43,1970,0,2
Exhaust,43,1971,0,2
Exhaust,43,1972,0,2
Exhaust,43,1973,0,2
Exhaust,43,1974,0,2
Exhaust,43,1975,0,2
Exhaust,43,1976,1,3
Exhaust,43,1977,0,3
Exhaust,43,1978,1,4
Exhaust,43,1979,0,4
Exhaust,43,1980,1,5
Exhaust,43,1981,0,5
Exhaust,43,1982,0,5
Exhaust,43,1983,2,7
Exhaust,43,1984,2,9
Exhaust,43,1985,6,15
Exhaust,43,1986,1,16
Exhaust,43,1987,2,18
Exhaust,43,1988,0,18
Exhaust,43,1989,1,19
Exhaust,43,1990,0,19
Exhaust,43,1991,0,19
Exhaust,43,1992,0,19
Exhaust,43,1993,0,19
Exhaust,43,1994,0,19
Exhaust,43,1995,0,19
Exhaust,43,1996,0,19
Exhaust,43,1997,0,19
Exhaust,43,1998,0,19
Exhaust,43,1999,0,19
Exhaust,43,2000,0,19
Exhaust,43,2001,1,20
Exhaust,43,2002,2,22
Exhaust,43,2003,0,22
Exhaust,43,2004,0,22
Exhaust,43,2005,0,22
Exhaust,43,2006,1,23
Exhaust,43,2007,0,23
Exhaust,43,2008,0,23
Exhaust,43,2009,0,23
Exhaust,43,2010,1,24
Exhaust,43,2011,0,24
Exhaust,43,2012,1,25
Exhaust,43,2013,0,25
Exhaust,43,2014,1,26
Exhaust,43,2015,0,26
Exhaust,43,2016,0,26
Exhaust,43,2017,0,26
Exhaust,43,2018,2,28
Exhaust,43,2019,1,29
Exhaust,43,2020,1,30
Exhaust,43,2021,0,30
Exhaust,43,2022,0,30
Oil leak,44,1950,4,4
Oil leak,44,1951,2,6
Oil leak,44,1952,1,7
Oil leak,44,1953,5,12
Oil leak,44,1954,3,15
Oil leak,44,1955,3,18
Oil leak,44,1956,3,21
Oil leak,44,1957,5,26
Oil leak,44,1958,0,26
Oil leak,44,1959,3,29
Oil leak,44,1960,0,29
Oil leak,44,1961,2,31
Oil leak,44,1962,2,33
Oil leak,44,1963,1,34
Oil leak,44,1964,0,34
Oil leak,44,1965,3,37
Oil leak,44,1966,6,43
Oil leak,44,1967,3,46
Oil leak,44,1968,6,52
Oil leak,44,1969,4,56
Oil leak,44,1970,4,60
Oil leak,44,1971,1,61
Oil leak,44,1972,5,66
Oil leak,44,1973,3,69
Oil leak,44,1974,2,71
Oil leak,44,1975,2,73
Oil leak,44,1976,3,76
Oil leak,44,1977,2,78
Oil leak,44,1978,5,83
Oil leak,44,1979,0,83
Oil leak,44,1980,0,83
Oil leak,44,1981,1,84
Oil leak,44,1982,2,86
Oil leak,44,1983,3,89
Oil leak,44,1984,0,89
Oil leak,44,1985,1,90
Oil leak,44,1986,0,90
Oil leak,44,1987,1,91
Oil leak,44,1988,1,92
Oil leak,44,1989,1,93
Oil leak,44,1990,1,94
Oil leak,44,1991,3,97
Oil leak,44,1992,0,97
Oil leak,44,1993,0,97
Oil leak,44,1994,2,99
Oil leak,44,1995,2,101
Oil leak,44,1996,0,101
Oil leak,44,1997,0,101
Oil leak,44,1998,0,101
Oil leak,44,1999,1,102
Oil leak,44,2000,1,103
Oil leak,44,2001,3,106
Oil leak,44,2002,0,106
Oil leak,44,2003,1,107
Oil leak,44,2004,0,107
Oil leak,44,2005,0,107
Oil leak,44,2006,1,108
Oil leak,44,2007,0,108
Oil leak,44,2008,0,108
Oil leak,44,2009,1,109
Oil leak,44,2010,1,110
Oil leak,44,2011,3,113
Oil leak,44,2012,0,113
Oil leak,44,2013,1,114
Oil leak,44,2014,1,115
Oil leak,44,2015,1,116
Oil leak,44,2016,2,118
Oil leak,44,2017,1,119
Oil leak,44,2018,1,120
Oil leak,44,2019,1,121
Oil leak,44,2020,0,121
Oil leak,44,2021,1,122
Oil leak,44,2022,0,122
+11 Laps,45,1950,1,1
+11 Laps,45,1951,2,3
+11 Laps,45,1952,2,5
+11 Laps,45,1953,1,6
+11 Laps,45,1954,0,6
+11 Laps,45,1955,1,7
+11 Laps,45,1956,0,7
+11 Laps,45,1957,0,7
+11 Laps,45,1958,0,7
+11 Laps,45,1959,1,8
+11 Laps,45,1960,0,8
+11 Laps,45,1961,1,9
+11 Laps,45,1962,2,11
+11 Laps,45,1963,1,12
+11 Laps,45,1964,0,12
+11 Laps,45,1965,1,13
+11 Laps,45,1966,0,13
+11 Laps,45,1967,0,13
+11 Laps,45,1968,0,13
+11 Laps,45,1969,0,13
+11 Laps,45,1970,0,13
+11 Laps,45,1971,0,13
+11 Laps,45,1972,0,13
+11 Laps,45,1973,0,13
+11 Laps,45,1974,0,13
+11 Laps,45,1975,0,13
+11 Laps,45,1976,0,13
+11 Laps,45,1977,0,13
+11 Laps,45,1978,1,14
+11 Laps,45,1979,0,14
+11 Laps,45,1980,0,14
+11 Laps,45,1981,0,14
+11 Laps,45,1982,0,14
+11 Laps,45,1983,0,14
+11 Laps,45,1984,0,14
+11 Laps,45,1985,0,14
+11 Laps,45,1986,0,14
+11 Laps,45,1987,0,14
+11 Laps,45,1988,0,14
+11 Laps,45,1989,0,14
+11 Laps,45,1990,0,14
+11 Laps,45,1991,0,14
+11 Laps,45,1992,0,14
+11 Laps,45,1993,0,14
+11 Laps,45,1994,0,14
+11 Laps,45,1995,0,14
+11 Laps,45,1996,0,14
+11 Laps,45,1997,0,14
+11 Laps,45,1998,0,14
+11 Laps,45,1999,0,14
+11 Laps,45,2000,0,14
+11 Laps,45,2001,0,14
+11 Laps,45,2002,0,14
+11 Laps,45,2003,0,14
+11 Laps,45,2004,0,14
+11 Laps,45,2005,1,15
+11 Laps,45,2006,1,16
+11 Laps,45,2007,0,16
+11 Laps,45,2008,0,16
+11 Laps,45,2009,0,16
+11 Laps,45,2010,0,16
+11 Laps,45,2011,0,16
+11 Laps,45,2012,1,17
+11 Laps,45,2013,0,17
+11 Laps,45,2014,0,17
+11 Laps,45,2015,0,17
+11 Laps,45,2016,0,17
+11 Laps,45,2017,0,17
+11 Laps,45,2018,0,17
+11 Laps,45,2019,0,17
+11 Laps,45,2020,0,17
+11 Laps,45,2021,0,17
+11 Laps,45,2022,0,17
Wheel rim,46,1950,0,0
Wheel rim,46,1951,0,0
Wheel rim,46,1952,0,0
Wheel rim,46,1953,0,0
Wheel rim,46,1954,0,0
Wheel rim,46,1955,0,0
Wheel rim,46,1956,0,0
Wheel rim,46,1957,0,0
Wheel rim,46,1958,0,0
Wheel rim,46,1959,0,0
Wheel rim,46,1960,0,0
Wheel rim,46,1961,0,0
Wheel rim,46,1962,0,0
Wheel rim,46,1963,0,0
Wheel rim,46,1964,0,0
Wheel rim,46,1965,0,0
Wheel rim,46,1966,0,0
Wheel rim,46,1967,0,0
Wheel rim,46,1968,0,0
Wheel rim,46,1969,0,0
Wheel rim,46,1970,0,0
Wheel rim,46,1971,0,0
Wheel rim,46,1972,0,0
Wheel rim,46,1973,0,0
Wheel rim,46,1974,0,0
Wheel rim,46,1975,0,0
Wheel rim,46,1976,0,0
Wheel rim,46,1977,0,0
Wheel rim,46,1978,0,0
Wheel rim,46,1979,0,0
Wheel rim,46,1980,0,0
Wheel rim,46,1981,0,0
Wheel rim,46,1982,0,0
Wheel rim,46,1983,0,0
Wheel rim,46,1984,0,0
Wheel rim,46,1985,0,0
Wheel rim,46,1986,0,0
Wheel rim,46,1987,0,0
Wheel rim,46,1988,0,0
Wheel rim,46,1989,0,0
Wheel rim,46,1990,0,0
Wheel rim,46,1991,0,0
Wheel rim,46,1992,0,0
Wheel rim,46,1993,0,0
Wheel rim,46,1994,0,0
Wheel rim,46,1995,0,0
Wheel rim,46,1996,0,0
Wheel rim,46,1997,0,0
Wheel rim,46,1998,0,0
Wheel rim,46,1999,0,0
Wheel rim,46,2000,0,0
Wheel rim,46,2001,0,0
Wheel rim,46,2002,1,1
Wheel rim,46,2003,0,1
Wheel rim,46,2004,0,1
Wheel rim,46,2005,1,2
Wheel rim,46,2006,1,3
Wheel rim,46,2007,0,3
Wheel rim,46,2008,0,3
Wheel rim,46,2009,0,3
Wheel rim,46,2010,0,3
Wheel rim,46,2011,0,3
Wheel rim,46,2012,0,3
Wheel rim,46,2013,0,3
Wheel rim,46,2014,0,3
Wheel rim,46,2015,0,3
Wheel rim,46,2016,0,3
Wheel rim,46,2017,0,3
Wheel rim,46,2018,0,3
Wheel rim,46,2019,0,3
Wheel rim,46,2020,0,3
Wheel rim,46,2021,0,3
Wheel rim,46,2022,0,3
Water leak,47,1950,0,0
Water leak,47,1951,0,0
Water leak,47,1952,0,0
Water leak,47,1953,0,0
Water leak,47,1954,0,0
Water leak,47,1955,0,0
Water leak,47,1956,0,0
Water leak,47,1957,1,1
Water leak,47,1958,0,1
Water leak,47,1959,0,1
Water leak,47,1960,0,1
Water leak,47,1961,0,1
Water leak,47,1962,0,1
Water leak,47,1963,0,1
Water leak,47,1964,0,1
Water leak,47,1965,2,3
Water leak,47,1966,0,3
Water leak,47,1967,1,4
Water leak,47,1968,0,4
Water leak,47,1969,1,5
Water leak,47,1970,0,5
Water leak,47,1971,0,5
Water leak,47,1972,1,6
Water leak,47,1973,0,6
Water leak,47,1974,1,7
Water leak,47,1975,0,7
Water leak,47,1976,2,9
Water leak,47,1977,0,9
Water leak,47,1978,0,9
Water leak,47,1979,1,10
Water leak,47,1980,0,10
Water leak,47,1981,1,11
Water leak,47,1982,2,13
Water leak,47,1983,2,15
Water leak,47,1984,0,15
Water leak,47,1985,1,16
Water leak,47,1986,1,17
Water leak,47,1987,2,19
Water leak,47,1988,0,19
Water leak,47,1989,0,19
Water leak,47,1990,1,20
Water leak,47,1991,0,20
Water leak,47,1992,0,20
Water leak,47,1993,0,20
Water leak,47,1994,1,21
Water leak,47,1995,1,22
Water leak,47,1996,0,22
Water leak,47,1997,1,23
Water leak,47,1998,0,23
Water leak,47,1999,0,23
Water leak,47,2000,0,23
Water leak,47,2001,1,24
Water leak,47,2002,0,24
Water leak,47,2003,0,24
Water leak,47,2004,0,24
Water leak,47,2005,0,24
Water leak,47,2006,2,26
Water leak,47,2007,0,26
Water leak,47,2008,0,26
Water leak,47,2009,0,26
Water leak,47,2010,0,26
Water leak,47,2011,2,28
Water leak,47,2012,0,28
Water leak,47,2013,0,28
Water leak,47,2014,1,29
Water leak,47,2015,0,29
Water leak,47,2016,0,29
Water leak,47,2017,1,30
Water leak,47,2018,0,30
Water leak,47,2019,0,30
Water leak,47,2020,0,30
Water leak,47,2021,0,30
Water leak,47,2022,0,30
Fuel pump,48,1950,1,1
Fuel pump,48,1951,0,1
Fuel pump,48,1952,0,1
Fuel pump,48,1953,2,3
Fuel pump,48,1954,4,7
Fuel pump,48,1955,2,9
Fuel pump,48,1956,1,10
Fuel pump,48,1957,0,10
Fuel pump,48,1958,7,17
Fuel pump,48,1959,0,17
Fuel pump,48,1960,2,19
Fuel pump,48,1961,1,20
Fuel pump,48,1962,1,21
Fuel pump,48,1963,3,24
Fuel pump,48,1964,2,26
Fuel pump,48,1965,2,28
Fuel pump,48,1966,0,28
Fuel pump,48,1967,2,30
Fuel pump,48,1968,4,34
Fuel pump,48,1969,3,37
Fuel pump,48,1970,0,37
Fuel pump,48,1971,3,40
Fuel pump,48,1972,3,43
Fuel pump,48,1973,2,45
Fuel pump,48,1974,0,45
Fuel pump,48,1975,1,46
Fuel pump,48,1976,1,47
Fuel pump,48,1977,2,49
Fuel pump,48,1978,0,49
Fuel pump,48,1979,0,49
Fuel pump,48,1980,0,49
Fuel pump,48,1981,1,50
Fuel pump,48,1982,0,50
Fuel pump,48,1983,1,51
Fuel pump,48,1984,1,52
Fuel pump,48,1985,1,53
Fuel pump,48,1986,1,54
Fuel pump,48,1987,0,54
Fuel pump,48,1988,0,54
Fuel pump,48,1989,1,55
Fuel pump,48,1990,2,57
Fuel pump,48,1991,2,59
Fuel pump,48,1992,0,59
Fuel pump,48,1993,2,61
Fuel pump,48,1994,0,61
Fuel pump,48,1995,0,61
Fuel pump,48,1996,1,62
Fuel pump,48,1997,0,62
Fuel pump,48,1998,1,63
Fuel pump,48,1999,0,63
Fuel pump,48,2000,0,63
Fuel pump,48,2001,0,63
Fuel pump,48,2002,0,63
Fuel pump,48,2003,0,63
Fuel pump,48,2004,0,63
Fuel pump,48,2005,0,63
Fuel pump,48,2006,1,64
Fuel pump,48,2007,0,64
Fuel pump,48,2008,0,64
Fuel pump,48,2009,0,64
Fuel pump,48,2010,1,65
Fuel pump,48,2011,0,65
Fuel pump,48,2012,0,65
Fuel pump,48,2013,0,65
Fuel pump,48,2014,0,65
Fuel pump,48,2015,0,65
Fuel pump,48,2016,0,65
Fuel pump,48,2017,0,65
Fuel pump,48,2018,0,65
Fuel pump,48,2019,0,65
Fuel pump,48,2020,0,65
Fuel pump,48,2021,0,65
Fuel pump,48,2022,0,65
Track rod,49,1950,0,0
Track rod,49,1951,0,0
Track rod,49,1952,0,0
Track rod,49,1953,0,0
Track rod,49,1954,0,0
Track rod,49,1955,0,0
Track rod,49,1956,0,0
Track rod,49,1957,0,0
Track rod,49,1958,0,0
Track rod,49,1959,0,0
Track rod,49,1960,0,0
Track rod,49,1961,0,0
Track rod,49,1962,0,0
Track rod,49,1963,0,0
Track rod,49,1964,0,0
Track rod,49,1965,0,0
Track rod,49,1966,0,0
Track rod,49,1967,0,0
Track rod,49,1968,0,0
Track rod,49,1969,0,0
Track rod,49,1970,0,0
Track rod,49,1971,0,0
Track rod,49,1972,0,0
Track rod,49,1973,0,0
Track rod,49,1974,0,0
Track rod,49,1975,0,0
Track rod,49,1976,0,0
Track rod,49,1977,0,0
Track rod,49,1978,0,0
Track rod,49,1979,0,0
Track rod,49,1980,0,0
Track rod,49,1981,0,0
Track rod,49,1982,0,0
Track rod,49,1983,0,0
Track rod,49,1984,0,0
Track rod,49,1985,0,0
Track rod,49,1986,0,0
Track rod,49,1987,0,0
Track rod,49,1988,0,0
Track rod,49,1989,0,0
Track rod,49,1990,0,0
Track rod,49,1991,0,0
Track rod,49,1992,0,0
Track rod,49,1993,0,0
Track rod,49,1994,0,0
Track rod,49,1995,0,0
Track rod,49,1996,0,0
Track rod,49,1997,0,0
Track rod,49,1998,0,0
Track rod,49,1999,0,0
Track rod,49,2000,0,0
Track rod,49,2001,0,0
Track rod,49,2002,0,0
Track rod,49,2003,0,0
Track rod,49,2004,0,0
Track rod,49,2005,0,0
Track rod,49,2006,1,1
Track rod,49,2007,0,1
Track rod,49,2008,0,1
Track rod,49,2009,0,1
Track rod,49,2010,1,2
Track rod,49,2011,0,2
Track rod,49,2012,0,2
Track rod,49,2013,0,2
Track rod,49,2014,0,2
Track rod,49,2015,0,2
Track rod,49,2016,0,2
Track rod,49,2017,0,2
Track rod,49,2018,0,2
Track rod,49,2019,0,2
Track rod,49,2020,0,2
Track rod,49,2021,0,2
Track rod,49,2022,0,2
+17 Laps,50,1950,0,0
+17 Laps,50,1951,0,0
+17 Laps,50,1952,0,0
+17 Laps,50,1953,2,2
+17 Laps,50,1954,0,2
+17 Laps,50,1955,0,2
+17 Laps,50,1956,0,2
+17 Laps,50,1957,0,2
+17 Laps,50,1958,0,2
+17 Laps,50,1959,1,3
+17 Laps,50,1960,1,4
+17 Laps,50,1961,1,5
+17 Laps,50,1962,0,5
+17 Laps,50,1963,0,5
+17 Laps,50,1964,0,5
+17 Laps,50,1965,1,6
+17 Laps,50,1966,0,6
+17 Laps,50,1967,0,6
+17 Laps,50,1968,0,6
+17 Laps,50,1969,0,6
+17 Laps,50,1970,0,6
+17 Laps,50,1971,0,6
+17 Laps,50,1972,0,6
+17 Laps,50,1973,0,6
+17 Laps,50,1974,0,6
+17 Laps,50,1975,0,6
+17 Laps,50,1976,0,6
+17 Laps,50,1977,0,6
+17 Laps,50,1978,0,6
+17 Laps,50,1979,0,6
+17 Laps,50,1980,0,6
+17 Laps,50,1981,0,6
+17 Laps,50,1982,0,6
+17 Laps,50,1983,0,6
+17 Laps,50,1984,0,6
+17 Laps,50,1985,0,6
+17 Laps,50,1986,0,6
+17 Laps,50,1987,0,6
+17 Laps,50,1988,0,6
+17 Laps,50,1989,0,6
+17 Laps,50,1990,0,6
+17 Laps,50,1991,0,6
+17 Laps,50,1992,0,6
+17 Laps,50,1993,0,6
+17 Laps,50,1994,0,6
+17 Laps,50,1995,0,6
+17 Laps,50,1996,0,6
+17 Laps,50,1997,0,6
+17 Laps,50,1998,0,6
+17 Laps,50,1999,0,6
+17 Laps,50,2000,0,6
+17 Laps,50,2001,0,6
+17 Laps,50,2002,0,6
+17 Laps,50,2003,0,6
+17 Laps,50,2004,0,6
+17 Laps,50,2005,0,6
+17 Laps,50,2006,1,7
+17 Laps,50,2007,0,7
+17 Laps,50,2008,0,7
+17 Laps,50,2009,0,7
+17 Laps,50,2010,0,7
+17 Laps,50,2011,0,7
+17 Laps,50,2012,0,7
+17 Laps,50,2013,0,7
+17 Laps,50,2014,0,7
+17 Laps,50,2015,0,7
+17 Laps,50,2016,0,7
+17 Laps,50,2017,0,7
+17 Laps,50,2018,0,7
+17 Laps,50,2019,0,7
+17 Laps,50,2020,0,7
+17 Laps,50,2021,0,7
+17 Laps,50,2022,0,7
Oil pressure,51,1950,6,6
Oil pressure,51,1951,1,7
Oil pressure,51,1952,4,11
Oil pressure,51,1953,1,12
Oil pressure,51,1954,1,13
Oil pressure,51,1955,2,15
Oil pressure,51,1956,2,17
Oil pressure,51,1957,0,17
Oil pressure,51,1958,1,18
Oil pressure,51,1959,0,18
Oil pressure,51,1960,0,18
Oil pressure,51,1961,2,20
Oil pressure,51,1962,3,23
Oil pressure,51,1963,4,27
Oil pressure,51,1964,1,28
Oil pressure,51,1965,3,31
Oil pressure,51,1966,0,31
Oil pressure,51,1967,3,34
Oil pressure,51,1968,5,39
Oil pressure,51,1969,2,41
Oil pressure,51,1970,6,47
Oil pressure,51,1971,4,51
Oil pressure,51,1972,2,53
Oil pressure,51,1973,3,56
Oil pressure,51,1974,1,57
Oil pressure,51,1975,0,57
Oil pressure,51,1976,8,65
Oil pressure,51,1977,0,65
Oil pressure,51,1978,0,65
Oil pressure,51,1979,0,65
Oil pressure,51,1980,0,65
Oil pressure,51,1981,1,66
Oil pressure,51,1982,0,66
Oil pressure,51,1983,0,66
Oil pressure,51,1984,4,70
Oil pressure,51,1985,3,73
Oil pressure,51,1986,0,73
Oil pressure,51,1987,0,73
Oil pressure,51,1988,0,73
Oil pressure,51,1989,0,73
Oil pressure,51,1990,1,74
Oil pressure,51,1991,2,76
Oil pressure,51,1992,0,76
Oil pressure,51,1993,1,77
Oil pressure,51,1994,2,79
Oil pressure,51,1995,1,80
Oil pressure,51,1996,0,80
Oil pressure,51,1997,0,80
Oil pressure,51,1998,0,80
Oil pressure,51,1999,0,80
Oil pressure,51,2000,1,81
Oil pressure,51,2001,1,82
Oil pressure,51,2002,1,83
Oil pressure,51,2003,0,83
Oil pressure,51,2004,0,83
Oil pressure,51,2005,0,83
Oil pressure,51,2006,1,84
Oil pressure,51,2007,0,84
Oil pressure,51,2008,0,84
Oil pressure,51,2009,1,85
Oil pressure,51,2010,0,85
Oil pressure,51,2011,0,85
Oil pressure,51,2012,0,85
Oil pressure,51,2013,0,85
Oil pressure,51,2014,1,86
Oil pressure,51,2015,0,86
Oil pressure,51,2016,0,86
Oil pressure,51,2017,1,87
Oil pressure,51,2018,0,87
Oil pressure,51,2019,0,87
Oil pressure,51,2020,0,87
Oil pressure,51,2021,0,87
Oil pressure,51,2022,0,87
+42 Laps,52,1950,0,0
+42 Laps,52,1951,0,0
+42 Laps,52,1952,0,0
+42 Laps,52,1953,0,0
+42 Laps,52,1954,0,0
+42 Laps,52,1955,0,0
+42 Laps,52,1956,0,0
+42 Laps,52,1957,0,0
+42 Laps,52,1958,0,0
+42 Laps,52,1959,0,0
+42 Laps,52,1960,0,0
+42 Laps,52,1961,0,0
+42 Laps,52,1962,0,0
+42 Laps,52,1963,0,0
+42 Laps,52,1964,0,0
+42 Laps,52,1965,0,0
+42 Laps,52,1966,0,0
+42 Laps,52,1967,0,0
+42 Laps,52,1968,0,0
+42 Laps,52,1969,0,0
+42 Laps,52,1970,0,0
+42 Laps,52,1971,0,0
+42 Laps,52,1972,0,0
+42 Laps,52,1973,0,0
+42 Laps,52,1974,0,0
+42 Laps,52,1975,0,0
+42 Laps,52,1976,0,0
+42 Laps,52,1977,0,0
+42 Laps,52,1978,0,0
+42 Laps,52,1979,0,0
+42 Laps,52,1980,0,0
+42 Laps,52,1981,0,0
+42 Laps,52,1982,0,0
+42 Laps,52,1983,0,0
+42 Laps,52,1984,0,0
+42 Laps,52,1985,0,0
+42 Laps,52,1986,0,0
+42 Laps,52,1987,0,0
+42 Laps,52,1988,0,0
+42 Laps,52,1989,0,0
+42 Laps,52,1990,0,0
+42 Laps,52,1991,0,0
+42 Laps,52,1992,0,0
+42 Laps,52,1993,0,0
+42 Laps,52,1994,0,0
+42 Laps,52,1995,0,0
+42 Laps,52,1996,0,0
+42 Laps,52,1997,0,0
+42 Laps,52,1998,0,0
+42 Laps,52,1999,0,0
+42 Laps,52,2000,0,0
+42 Laps,52,2001,0,0
+42 Laps,52,2002,0,0
+42 Laps,52,2003,0,0
+42 Laps,52,2004,0,0
+42 Laps,52,2005,0,0
+42 Laps,52,2006,0,0
+42 Laps,52,2007,0,0
+42 Laps,52,2008,0,0
+42 Laps,52,2009,0,0
+42 Laps,52,2010,0,0
+42 Laps,52,2011,0,0
+42 Laps,52,2012,0,0
+42 Laps,52,2013,0,0
+42 Laps,52,2014,0,0
+42 Laps,52,2015,0,0
+42 Laps,52,2016,0,0
+42 Laps,52,2017,0,0
+42 Laps,52,2018,0,0
+42 Laps,52,2019,0,0
+42 Laps,52,2020,0,0
+42 Laps,52,2021,0,0
+42 Laps,52,2022,0,0
+13 Laps,53,1950,1,1
+13 Laps,53,1951,1,2
+13 Laps,53,1952,1,3
+13 Laps,53,1953,2,5
+13 Laps,53,1954,0,5
+13 Laps,53,1955,3,8
+13 Laps,53,1956,2,10
+13 Laps,53,1957,0,10
+13 Laps,53,1958,2,12
+13 Laps,53,1959,0,12
+13 Laps,53,1960,1,13
+13 Laps,53,1961,0,13
+13 Laps,53,1962,0,13
+13 Laps,53,1963,0,13
+13 Laps,53,1964,0,13
+13 Laps,53,1965,0,13
+13 Laps,53,1966,0,13
+13 Laps,53,1967,0,13
+13 Laps,53,1968,0,13
+13 Laps,53,1969,0,13
+13 Laps,53,1970,0,13
+13 Laps,53,1971,0,13
+13 Laps,53,1972,0,13
+13 Laps,53,1973,0,13
+13 Laps,53,1974,0,13
+13 Laps,53,1975,0,13
+13 Laps,53,1976,0,13
+13 Laps,53,1977,0,13
+13 Laps,53,1978,0,13
+13 Laps,53,1979,0,13
+13 Laps,53,1980,0,13
+13 Laps,53,1981,0,13
+13 Laps,53,1982,0,13
+13 Laps,53,1983,0,13
+13 Laps,53,1984,0,13
+13 Laps,53,1985,0,13
+13 Laps,53,1986,0,13
+13 Laps,53,1987,0,13
+13 Laps,53,1988,0,13
+13 Laps,53,1989,0,13
+13 Laps,53,1990,0,13
+13 Laps,53,1991,0,13
+13 Laps,53,1992,0,13
+13 Laps,53,1993,0,13
+13 Laps,53,1994,0,13
+13 Laps,53,1995,0,13
+13 Laps,53,1996,0,13
+13 Laps,53,1997,0,13
+13 Laps,53,1998,0,13
+13 Laps,53,1999,0,13
+13 Laps,53,2000,0,13
+13 Laps,53,2001,0,13
+13 Laps,53,2002,0,13
+13 Laps,53,2003,0,13
+13 Laps,53,2004,0,13
+13 Laps,53,2005,0,13
+13 Laps,53,2006,0,13
+13 Laps,53,2007,0,13
+13 Laps,53,2008,0,13
+13 Laps,53,2009,0,13
+13 Laps,53,2010,0,13
+13 Laps,53,2011,0,13
+13 Laps,53,2012,0,13
+13 Laps,53,2013,0,13
+13 Laps,53,2014,0,13
+13 Laps,53,2015,0,13
+13 Laps,53,2016,0,13
+13 Laps,53,2017,0,13
+13 Laps,53,2018,0,13
+13 Laps,53,2019,0,13
+13 Laps,53,2020,0,13
+13 Laps,53,2021,0,13
+13 Laps,53,2022,0,13
Withdrew,54,1950,1,1
Withdrew,54,1951,2,3
Withdrew,54,1952,3,6
Withdrew,54,1953,0,6
Withdrew,54,1954,7,13
Withdrew,54,1955,6,19
Withdrew,54,1956,4,23
Withdrew,54,1957,0,23
Withdrew,54,1958,1,24
Withdrew,54,1959,2,26
Withdrew,54,1960,5,31
Withdrew,54,1961,28,59
Withdrew,54,1962,32,91
Withdrew,54,1963,41,132
Withdrew,54,1964,5,137
Withdrew,54,1965,6,143
Withdrew,54,1966,2,145
Withdrew,54,1967,1,146
Withdrew,54,1968,2,148
Withdrew,54,1969,2,150
Withdrew,54,1970,5,155
Withdrew,54,1971,0,155
Withdrew,54,1972,1,156
Withdrew,54,1973,4,160
Withdrew,54,1974,3,163
Withdrew,54,1975,6,169
Withdrew,54,1976,7,176
Withdrew,54,1977,2,178
Withdrew,54,1978,2,180
Withdrew,54,1979,6,186
Withdrew,54,1980,2,188
Withdrew,54,1981,5,193
Withdrew,54,1982,3,196
Withdrew,54,1983,1,197
Withdrew,54,1984,2,199
Withdrew,54,1985,2,201
Withdrew,54,1986,1,202
Withdrew,54,1987,3,205
Withdrew,54,1988,0,205
Withdrew,54,1989,1,206
Withdrew,54,1990,2,208
Withdrew,54,1991,0,208
Withdrew,54,1992,2,210
Withdrew,54,1993,1,211
Withdrew,54,1994,2,213
Withdrew,54,1995,2,215
Withdrew,54,1996,1,216
Withdrew,54,1997,0,216
Withdrew,54,1998,0,216
Withdrew,54,1999,1,217
Withdrew,54,2000,0,217
Withdrew,54,2001,0,217
Withdrew,54,2002,0,217
Withdrew,54,2003,0,217
Withdrew,54,2004,0,217
Withdrew,54,2005,14,231
Withdrew,54,2006,0,231
Withdrew,54,2007,0,231
Withdrew,54,2008,0,231
Withdrew,54,2009,1,232
Withdrew,54,2010,0,232
Withdrew,54,2011,0,232
Withdrew,54,2012,1,233
Withdrew,54,2013,1,234
Withdrew,54,2014,2,236
Withdrew,54,2015,3,239
Withdrew,54,2016,2,241
Withdrew,54,2017,0,241
Withdrew,54,2018,0,241
Withdrew,54,2019,1,242
Withdrew,54,2020,1,243
Withdrew,54,2021,0,243
Withdrew,54,2022,1,244
+12 Laps,55,1950,2,2
+12 Laps,55,1951,0,2
+12 Laps,55,1952,1,3
+12 Laps,55,1953,1,4
+12 Laps,55,1954,2,6
+12 Laps,55,1955,1,7
+12 Laps,55,1956,2,9
+12 Laps,55,1957,0,9
+12 Laps,55,1958,0,9
+12 Laps,55,1959,0,9
+12 Laps,55,1960,0,9
+12 Laps,55,1961,0,9
+12 Laps,55,1962,0,9
+12 Laps,55,1963,0,9
+12 Laps,55,1964,0,9
+12 Laps,55,1965,1,10
+12 Laps,55,1966,0,10
+12 Laps,55,1967,0,10
+12 Laps,55,1968,0,10
+12 Laps,55,1969,0,10
+12 Laps,55,1970,0,10
+12 Laps,55,1971,0,10
+12 Laps,55,1972,0,10
+12 Laps,55,1973,0,10
+12 Laps,55,1974,0,10
+12 Laps,55,1975,0,10
+12 Laps,55,1976,0,10
+12 Laps,55,1977,0,10
+12 Laps,55,1978,1,11
+12 Laps,55,1979,0,11
+12 Laps,55,1980,0,11
+12 Laps,55,1981,0,11
+12 Laps,55,1982,0,11
+12 Laps,55,1983,0,11
+12 Laps,55,1984,0,11
+12 Laps,55,1985,0,11
+12 Laps,55,1986,0,11
+12 Laps,55,1987,0,11
+12 Laps,55,1988,0,11
+12 Laps,55,1989,0,11
+12 Laps,55,1990,0,11
+12 Laps,55,1991,0,11
+12 Laps,55,1992,0,11
+12 Laps,55,1993,0,11
+12 Laps,55,1994,0,11
+12 Laps,55,1995,0,11
+12 Laps,55,1996,0,11
+12 Laps,55,1997,0,11
+12 Laps,55,1998,0,11
+12 Laps,55,1999,0,11
+12 Laps,55,2000,0,11
+12 Laps,55,2001,0,11
+12 Laps,55,2002,0,11
+12 Laps,55,2003,0,11
+12 Laps,55,2004,0,11
+12 Laps,55,2005,1,12
+12 Laps,55,2006,0,12
+12 Laps,55,2007,0,12
+12 Laps,55,2008,0,12
+12 Laps,55,2009,0,12
+12 Laps,55,2010,0,12
+12 Laps,55,2011,0,12
+12 Laps,55,2012,0,12
+12 Laps,55,2013,0,12
+12 Laps,55,2014,0,12
+12 Laps,55,2015,0,12
+12 Laps,55,2016,0,12
+12 Laps,55,2017,0,12
+12 Laps,55,2018,0,12
+12 Laps,55,2019,0,12
+12 Laps,55,2020,0,12
+12 Laps,55,2021,0,12
+12 Laps,55,2022,0,12
Engine fire,56,1950,0,0
Engine fire,56,1951,0,0
Engine fire,56,1952,0,0
Engine fire,56,1953,0,0
Engine fire,56,1954,0,0
Engine fire,56,1955,0,0
Engine fire,56,1956,0,0
Engine fire,56,1957,0,0
Engine fire,56,1958,0,0
Engine fire,56,1959,0,0
Engine fire,56,1960,0,0
Engine fire,56,1961,0,0
Engine fire,56,1962,0,0
Engine fire,56,1963,0,0
Engine fire,56,1964,0,0
Engine fire,56,1965,0,0
Engine fire,56,1966,0,0
Engine fire,56,1967,0,0
Engine fire,56,1968,0,0
Engine fire,56,1969,0,0
Engine fire,56,1970,0,0
Engine fire,56,1971,0,0
Engine fire,56,1972,0,0
Engine fire,56,1973,0,0
Engine fire,56,1974,0,0
Engine fire,56,1975,0,0
Engine fire,56,1976,0,0
Engine fire,56,1977,0,0
Engine fire,56,1978,0,0
Engine fire,56,1979,0,0
Engine fire,56,1980,0,0
Engine fire,56,1981,0,0
Engine fire,56,1982,0,0
Engine fire,56,1983,0,0
Engine fire,56,1984,0,0
Engine fire,56,1985,0,0
Engine fire,56,1986,0,0
Engine fire,56,1987,0,0
Engine fire,56,1988,0,0
Engine fire,56,1989,0,0
Engine fire,56,1990,0,0
Engine fire,56,1991,0,0
Engine fire,56,1992,0,0
Engine fire,56,1993,0,0
Engine fire,56,1994,0,0
Engine fire,56,1995,0,0
Engine fire,56,1996,0,0
Engine fire,56,1997,0,0
Engine fire,56,1998,0,0
Engine fire,56,1999,0,0
Engine fire,56,2000,0,0
Engine fire,56,2001,0,0
Engine fire,56,2002,0,0
Engine fire,56,2003,0,0
Engine fire,56,2004,0,0
Engine fire,56,2005,1,1
Engine fire,56,2006,0,1
Engine fire,56,2007,0,1
Engine fire,56,2008,0,1
Engine fire,56,2009,0,1
Engine fire,56,2010,0,1
Engine fire,56,2011,0,1
Engine fire,56,2012,0,1
Engine fire,56,2013,0,1
Engine fire,56,2014,0,1
Engine fire,56,2015,0,1
Engine fire,56,2016,0,1
Engine fire,56,2017,0,1
Engine fire,56,2018,0,1
Engine fire,56,2019,0,1
Engine fire,56,2020,0,1
Engine fire,56,2021,0,1
Engine fire,56,2022,0,1
Engine misfire,57,1950,0,0
Engine misfire,57,1951,0,0
Engine misfire,57,1952,0,0
Engine misfire,57,1953,0,0
Engine misfire,57,1954,0,0
Engine misfire,57,1955,0,0
Engine misfire,57,1956,0,0
Engine misfire,57,1957,0,0
Engine misfire,57,1958,0,0
Engine misfire,57,1959,0,0
Engine misfire,57,1960,0,0
Engine misfire,57,1961,0,0
Engine misfire,57,1962,0,0
Engine misfire,57,1963,0,0
Engine misfire,57,1964,0,0
Engine misfire,57,1965,0,0
Engine misfire,57,1966,0,0
Engine misfire,57,1967,0,0
Engine misfire,57,1968,0,0
Engine misfire,57,1969,0,0
Engine misfire,57,1970,0,0
Engine misfire,57,1971,0,0
Engine misfire,57,1972,0,0
Engine misfire,57,1973,0,0
Engine misfire,57,1974,0,0
Engine misfire,57,1975,0,0
Engine misfire,57,1976,0,0
Engine misfire,57,1977,0,0
Engine misfire,57,1978,0,0
Engine misfire,57,1979,0,0
Engine misfire,57,1980,0,0
Engine misfire,57,1981,0,0
Engine misfire,57,1982,0,0
Engine misfire,57,1983,0,0
Engine misfire,57,1984,0,0
Engine misfire,57,1985,0,0
Engine misfire,57,1986,0,0
Engine misfire,57,1987,0,0
Engine misfire,57,1988,0,0
Engine misfire,57,1989,0,0
Engine misfire,57,1990,0,0
Engine misfire,57,1991,0,0
Engine misfire,57,1992,0,0
Engine misfire,57,1993,0,0
Engine misfire,57,1994,0,0
Engine misfire,57,1995,0,0
Engine misfire,57,1996,0,0
Engine misfire,57,1997,0,0
Engine misfire,57,1998,0,0
Engine misfire,57,1999,0,0
Engine misfire,57,2000,0,0
Engine misfire,57,2001,0,0
Engine misfire,57,2002,0,0
Engine misfire,57,2003,0,0
Engine misfire,57,2004,0,0
Engine misfire,57,2005,0,0
Engine misfire,57,2006,0,0
Engine misfire,57,2007,0,0
Engine misfire,57,2008,0,0
Engine misfire,57,2009,0,0
Engine misfire,57,2010,0,0
Engine misfire,57,2011,0,0
Engine misfire,57,2012,0,0
Engine misfire,57,2013,0,0
Engine misfire,57,2014,0,0
Engine misfire,57,2015,0,0
Engine misfire,57,2016,0,0
Engine misfire,57,2017,0,0
Engine misfire,57,2018,0,0
Engine misfire,57,2019,0,0
Engine misfire,57,2020,0,0
Engine misfire,57,2021,0,0
Engine misfire,57,2022,0,0
+26 Laps,58,1950,0,0
+26 Laps,58,1951,0,0
+26 Laps,58,1952,0,0
+26 Laps,58,1953,0,0
+26 Laps,58,1954,0,0
+26 Laps,58,1955,0,0
+26 Laps,58,1956,0,0
+26 Laps,58,1957,0,0
+26 Laps,58,1958,0,0
+26 Laps,58,1959,0,0
+26 Laps,58,1960,0,0
+26 Laps,58,1961,0,0
+26 Laps,58,1962,0,0
+26 Laps,58,1963,0,0
+26 Laps,58,1964,0,0
+26 Laps,58,1965,0,0
+26 Laps,58,1966,0,0
+26 Laps,58,1967,0,0
+26 Laps,58,1968,0,0
+26 Laps,58,1969,0,0
+26 Laps,58,1970,0,0
+26 Laps,58,1971,0,0
+26 Laps,58,1972,0,0
+26 Laps,58,1973,0,0
+26 Laps,58,1974,0,0
+26 Laps,58,1975,0,0
+26 Laps,58,1976,0,0
+26 Laps,58,1977,0,0
+26 Laps,58,1978,0,0
+26 Laps,58,1979,0,0
+26 Laps,58,1980,0,0
+26 Laps,58,1981,0,0
+26 Laps,58,1982,0,0
+26 Laps,58,1983,0,0
+26 Laps,58,1984,0,0
+26 Laps,58,1985,0,0
+26 Laps,58,1986,0,0
+26 Laps,58,1987,0,0
+26 Laps,58,1988,0,0
+26 Laps,58,1989,0,0
+26 Laps,58,1990,0,0
+26 Laps,58,1991,0,0
+26 Laps,58,1992,0,0
+26 Laps,58,1993,0,0
+26 Laps,58,1994,0,0
+26 Laps,58,1995,0,0
+26 Laps,58,1996,0,0
+26 Laps,58,1997,0,0
+26 Laps,58,1998,0,0
+26 Laps,58,1999,0,0
+26 Laps,58,2000,0,0
+26 Laps,58,2001,0,0
+26 Laps,58,2002,0,0
+26 Laps,58,2003,0,0
+26 Laps,58,2004,0,0
+26 Laps,58,2005,1,1
+26 Laps,58,2006,0,1
+26 Laps,58,2007,0,1
+26 Laps,58,2008,0,1
+26 Laps,58,2009,0,1
+26 Laps,58,2010,0,1
+26 Laps,58,2011,0,1
+26 Laps,58,2012,0,1
+26 Laps,58,2013,0,1
+26 Laps,58,2014,0,1
+26 Laps,58,2015,0,1
+26 Laps,58,2016,0,1
+26 Laps,58,2017,0,1
+26 Laps,58,2018,0,1
+26 Laps,58,2019,0,1
+26 Laps,58,2020,0,1
+26 Laps,58,2021,0,1
+26 Laps,58,2022,0,1
Tyre puncture,59,1950,0,0
Tyre puncture,59,1951,0,0
Tyre puncture,59,1952,0,0
Tyre puncture,59,1953,0,0
Tyre puncture,59,1954,0,0
Tyre puncture,59,1955,0,0
Tyre puncture,59,1956,0,0
Tyre puncture,59,1957,0,0
Tyre puncture,59,1958,0,0
Tyre puncture,59,1959,0,0
Tyre puncture,59,1960,0,0
Tyre puncture,59,1961,0,0
Tyre puncture,59,1962,0,0
Tyre puncture,59,1963,0,0
Tyre puncture,59,1964,0,0
Tyre puncture,59,1965,0,0
Tyre puncture,59,1966,0,0
Tyre puncture,59,1967,0,0
Tyre puncture,59,1968,0,0
Tyre puncture,59,1969,0,0
Tyre puncture,59,1970,0,0
Tyre puncture,59,1971,0,0
Tyre puncture,59,1972,0,0
Tyre puncture,59,1973,0,0
Tyre puncture,59,1974,0,0
Tyre puncture,59,1975,0,0
Tyre puncture,59,1976,0,0
Tyre puncture,59,1977,0,0
Tyre puncture,59,1978,0,0
Tyre puncture,59,1979,0,0
Tyre puncture,59,1980,0,0
Tyre puncture,59,1981,0,0
Tyre puncture,59,1982,0,0
Tyre puncture,59,1983,0,0
Tyre puncture,59,1984,0,0
Tyre puncture,59,1985,0,0
Tyre puncture,59,1986,0,0
Tyre puncture,59,1987,0,0
Tyre puncture,59,1988,0,0
Tyre puncture,59,1989,0,0
Tyre puncture,59,1990,0,0
Tyre puncture,59,1991,0,0
Tyre puncture,59,1992,0,0
Tyre puncture,59,1993,0,0
Tyre puncture,59,1994,0,0
Tyre puncture,59,1995,0,0
Tyre puncture,59,1996,0,0
Tyre puncture,59,1997,0,0
Tyre puncture,59,1998,0,0
Tyre puncture,59,1999,0,0
Tyre puncture,59,2000,0,0
Tyre puncture,59,2001,0,0
Tyre puncture,59,2002,0,0
Tyre puncture,59,2003,0,0
Tyre puncture,59,2004,0,0
Tyre puncture,59,2005,1,1
Tyre puncture,59,2006,0,1
Tyre puncture,59,2007,0,1
Tyre puncture,59,2008,0,1
Tyre puncture,59,2009,0,1
Tyre puncture,59,2010,0,1
Tyre puncture,59,2011,0,1
Tyre puncture,59,2012,0,1
Tyre puncture,59,2013,0,1
Tyre puncture,59,2014,0,1
Tyre puncture,59,2015,0,1
Tyre puncture,59,2016,0,1
Tyre puncture,59,2017,0,1
Tyre puncture,59,2018,0,1
Tyre puncture,59,2019,0,1
Tyre puncture,59,2020,0,1
Tyre puncture,59,2021,0,1
Tyre puncture,59,2022,0,1
Out of fuel,60,1950,1,1
Out of fuel,60,1951,0,1
Out of fuel,60,1952,0,1
Out of fuel,60,1953,1,2
Out of fuel,60,1954,0,2
Out of fuel,60,1955,1,3
Out of fuel,60,1956,0,3
Out of fuel,60,1957,0,3
Out of fuel,60,1958,0,3
Out of fuel,60,1959,0,3
Out of fuel,60,1960,0,3
Out of fuel,60,1961,0,3
Out of fuel,60,1962,0,3
Out of fuel,60,1963,0,3
Out of fuel,60,1964,2,5
Out of fuel,60,1965,1,6
Out of fuel,60,1966,1,7
Out of fuel,60,1967,1,8
Out of fuel,60,1968,2,10
Out of fuel,60,1969,1,11
Out of fuel,60,1970,2,13
Out of fuel,60,1971,1,14
Out of fuel,60,1972,2,16
Out of fuel,60,1973,1,17
Out of fuel,60,1974,2,19
Out of fuel,60,1975,3,22
Out of fuel,60,1976,1,23
Out of fuel,60,1977,3,26
Out of fuel,60,1978,1,27
Out of fuel,60,1979,2,29
Out of fuel,60,1980,2,31
Out of fuel,60,1981,2,33
Out of fuel,60,1982,5,38
Out of fuel,60,1983,1,39
Out of fuel,60,1984,13,52
Out of fuel,60,1985,6,58
Out of fuel,60,1986,10,68
Out of fuel,60,1987,9,77
Out of fuel,60,1988,6,83
Out of fuel,60,1989,0,83
Out of fuel,60,1990,0,83
Out of fuel,60,1991,3,86
Out of fuel,60,1992,0,86
Out of fuel,60,1993,1,87
Out of fuel,60,1994,1,88
Out of fuel,60,1995,3,91
Out of fuel,60,1996,0,91
Out of fuel,60,1997,1,92
Out of fuel,60,1998,0,92
Out of fuel,60,1999,3,95
Out of fuel,60,2000,0,95
Out of fuel,60,2001,0,95
Out of fuel,60,2002,0,95
Out of fuel,60,2003,2,97
Out of fuel,60,2004,0,97
Out of fuel,60,2005,1,98
Out of fuel,60,2006,0,98
Out of fuel,60,2007,0,98
Out of fuel,60,2008,0,98
Out of fuel,60,2009,1,99
Out of fuel,60,2010,0,99
Out of fuel,60,2011,0,99
Out of fuel,60,2012,0,99
Out of fuel,60,2013,0,99
Out of fuel,60,2014,0,99
Out of fuel,60,2015,0,99
Out of fuel,60,2016,0,99
Out of fuel,60,2017,0,99
Out of fuel,60,2018,0,99
Out of fuel,60,2019,1,100
Out of fuel,60,2020,0,100
Out of fuel,60,2021,0,100
Out of fuel,60,2022,0,100
Wheel nut,61,1950,0,0
Wheel nut,61,1951,0,0
Wheel nut,61,1952,0,0
Wheel nut,61,1953,0,0
Wheel nut,61,1954,0,0
Wheel nut,61,1955,0,0
Wheel nut,61,1956,0,0
Wheel nut,61,1957,0,0
Wheel nut,61,1958,0,0
Wheel nut,61,1959,0,0
Wheel nut,61,1960,0,0
Wheel nut,61,1961,0,0
Wheel nut,61,1962,0,0
Wheel nut,61,1963,0,0
Wheel nut,61,1964,0,0
Wheel nut,61,1965,0,0
Wheel nut,61,1966,0,0
Wheel nut,61,1967,0,0
Wheel nut,61,1968,0,0
Wheel nut,61,1969,0,0
Wheel nut,61,1970,0,0
Wheel nut,61,1971,0,0
Wheel nut,61,1972,0,0
Wheel nut,61,1973,0,0
Wheel nut,61,1974,0,0
Wheel nut,61,1975,0,0
Wheel nut,61,1976,0,0
Wheel nut,61,1977,0,0
Wheel nut,61,1978,0,0
Wheel nut,61,1979,0,0
Wheel nut,61,1980,0,0
Wheel nut,61,1981,0,0
Wheel nut,61,1982,0,0
Wheel nut,61,1983,0,0
Wheel nut,61,1984,0,0
Wheel nut,61,1985,0,0
Wheel nut,61,1986,0,0
Wheel nut,61,1987,0,0
Wheel nut,61,1988,0,0
Wheel nut,61,1989,0,0
Wheel nut,61,1990,0,0
Wheel nut,61,1991,0,0
Wheel nut,61,1992,0,0
Wheel nut,61,1993,0,0
Wheel nut,61,1994,0,0
Wheel nut,61,1995,0,0
Wheel nut,61,1996,0,0
Wheel nut,61,1997,0,0
Wheel nut,61,1998,0,0
Wheel nut,61,1999,0,0
Wheel nut,61,2000,0,0
Wheel nut,61,2001,0,0
Wheel nut,61,2002,0,0
Wheel nut,61,2003,0,0
Wheel nut,61,2004,0,0
Wheel nut,61,2005,1,1
Wheel nut,61,2006,0,1
Wheel nut,61,2007,0,1
Wheel nut,61,2008,0,1
Wheel nut,61,2009,0,1
Wheel nut,61,2010,0,1
Wheel nut,61,2011,1,2
Wheel nut,61,2012,2,4
Wheel nut,61,2013,2,6
Wheel nut,61,2014,0,6
Wheel nut,61,2015,0,6
Wheel nut,61,2016,1,7
Wheel nut,61,2017,1,8
Wheel nut,61,2018,0,8
Wheel nut,61,2019,0,8
Wheel nut,61,2020,0,8
Wheel nut,61,2021,1,9
Wheel nut,61,2022,0,9
Not classified,62,1950,1,1
Not classified,62,1951,1,2
Not classified,62,1952,2,4
Not classified,62,1953,4,8
Not classified,62,1954,0,8
Not classified,62,1955,0,8
Not classified,62,1956,0,8
Not classified,62,1957,0,8
Not classified,62,1958,0,8
Not classified,62,1959,0,8
Not classified,62,1960,0,8
Not classified,62,1961,1,9
Not classified,62,1962,1,10
Not classified,62,1963,2,12
Not classified,62,1964,1,13
Not classified,62,1965,1,14
Not classified,62,1966,12,26
Not classified,62,1967,5,31
Not classified,62,1968,7,38
Not classified,62,1969,4,42
Not classified,62,1970,11,53
Not classified,62,1971,14,67
Not classified,62,1972,11,78
Not classified,62,1973,12,90
Not classified,62,1974,8,98
Not classified,62,1975,8,106
Not classified,62,1976,4,110
Not classified,62,1977,4,114
Not classified,62,1978,1,115
Not classified,62,1979,0,115
Not classified,62,1980,7,122
Not classified,62,1981,6,128
Not classified,62,1982,5,133
Not classified,62,1983,4,137
Not classified,62,1984,4,141
Not classified,62,1985,6,147
Not classified,62,1986,7,154
Not classified,62,1987,4,158
Not classified,62,1988,2,160
Not classified,62,1989,3,163
Not classified,62,1990,2,165
Not classified,62,1991,0,165
Not classified,62,1992,0,165
Not classified,62,1993,1,166
Not classified,62,1994,0,166
Not classified,62,1995,5,171
Not classified,62,1996,0,171
Not classified,62,1997,0,171
Not classified,62,1998,0,171
Not classified,62,1999,0,171
Not classified,62,2000,0,171
Not classified,62,2001,0,171
Not classified,62,2002,0,171
Not classified,62,2003,0,171
Not classified,62,2004,1,172
Not classified,62,2005,0,172
Not classified,62,2006,0,172
Not classified,62,2007,0,172
Not classified,62,2008,0,172
Not classified,62,2009,0,172
Not classified,62,2010,0,172
Not classified,62,2011,0,172
Not classified,62,2012,0,172
Not classified,62,2013,0,172
Not classified,62,2014,0,172
Not classified,62,2015,0,172
Not classified,62,2016,0,172
Not classified,62,2017,0,172
Not classified,62,2018,0,172
Not classified,62,2019,0,172
Not classified,62,2020,0,172
Not classified,62,2021,0,172
Not classified,62,2022,0,172
Pneumatics,63,1950,0,0
Pneumatics,63,1951,0,0
Pneumatics,63,1952,0,0
Pneumatics,63,1953,0,0
Pneumatics,63,1954,0,0
Pneumatics,63,1955,0,0
Pneumatics,63,1956,0,0
Pneumatics,63,1957,0,0
Pneumatics,63,1958,0,0
Pneumatics,63,1959,0,0
Pneumatics,63,1960,0,0
Pneumatics,63,1961,0,0
Pneumatics,63,1962,0,0
Pneumatics,63,1963,0,0
Pneumatics,63,1964,0,0
Pneumatics,63,1965,0,0
Pneumatics,63,1966,0,0
Pneumatics,63,1967,0,0
Pneumatics,63,1968,0,0
Pneumatics,63,1969,0,0
Pneumatics,63,1970,0,0
Pneumatics,63,1971,0,0
Pneumatics,63,1972,0,0
Pneumatics,63,1973,0,0
Pneumatics,63,1974,0,0
Pneumatics,63,1975,0,0
Pneumatics,63,1976,0,0
Pneumatics,63,1977,0,0
Pneumatics,63,1978,0,0
Pneumatics,63,1979,0,0
Pneumatics,63,1980,0,0
Pneumatics,63,1981,0,0
Pneumatics,63,1982,0,0
Pneumatics,63,1983,0,0
Pneumatics,63,1984,0,0
Pneumatics,63,1985,0,0
Pneumatics,63,1986,0,0
Pneumatics,63,1987,0,0
Pneumatics,63,1988,0,0
Pneumatics,63,1989,0,0
Pneumatics,63,1990,0,0
Pneumatics,63,1991,0,0
Pneumatics,63,1992,0,0
Pneumatics,63,1993,0,0
Pneumatics,63,1994,0,0
Pneumatics,63,1995,0,0
Pneumatics,63,1996,0,0
Pneumatics,63,1997,0,0
Pneumatics,63,1998,0,0
Pneumatics,63,1999,0,0
Pneumatics,63,2000,0,0
Pneumatics,63,2001,0,0
Pneumatics,63,2002,0,0
Pneumatics,63,2003,0,0
Pneumatics,63,2004,2,2
Pneumatics,63,2005,0,2
Pneumatics,63,2006,1,3
Pneumatics,63,2007,0,3
Pneumatics,63,2008,0,3
Pneumatics,63,2009,0,3
Pneumatics,63,2010,0,3
Pneumatics,63,2011,0,3
Pneumatics,63,2012,0,3
Pneumatics,63,2013,1,4
Pneumatics,63,2014,0,4
Pneumatics,63,2015,0,4
Pneumatics,63,2016,0,4
Pneumatics,63,2017,0,4
Pneumatics,63,2018,0,4
Pneumatics,63,2019,0,4
Pneumatics,63,2020,0,4
Pneumatics,63,2021,0,4
Pneumatics,63,2022,0,4
Handling,64,1950,0,0
Handling,64,1951,0,0
Handling,64,1952,0,0
Handling,64,1953,0,0
Handling,64,1954,0,0
Handling,64,1955,0,0
Handling,64,1956,0,0
Handling,64,1957,0,0
Handling,64,1958,1,1
Handling,64,1959,0,1
Handling,64,1960,0,1
Handling,64,1961,2,3
Handling,64,1962,0,3
Handling,64,1963,0,3
Handling,64,1964,0,3
Handling,64,1965,0,3
Handling,64,1966,0,3
Handling,64,1967,0,3
Handling,64,1968,0,3
Handling,64,1969,1,4
Handling,64,1970,2,6
Handling,64,1971,1,7
Handling,64,1972,0,7
Handling,64,1973,0,7
Handling,64,1974,5,12
Handling,64,1975,2,14
Handling,64,1976,2,16
Handling,64,1977,2,18
Handling,64,1978,1,19
Handling,64,1979,2,21
Handling,64,1980,5,26
Handling,64,1981,2,28
Handling,64,1982,8,36
Handling,64,1983,4,40
Handling,64,1984,1,41
Handling,64,1985,0,41
Handling,64,1986,0,41
Handling,64,1987,1,42
Handling,64,1988,2,44
Handling,64,1989,2,46
Handling,64,1990,1,47
Handling,64,1991,0,47
Handling,64,1992,2,49
Handling,64,1993,1,50
Handling,64,1994,1,51
Handling,64,1995,1,52
Handling,64,1996,1,53
Handling,64,1997,0,53
Handling,64,1998,0,53
Handling,64,1999,0,53
Handling,64,2000,0,53
Handling,64,2001,0,53
Handling,64,2002,0,53
Handling,64,2003,0,53
Handling,64,2004,1,54
Handling,64,2005,0,54
Handling,64,2006,0,54
Handling,64,2007,0,54
Handling,64,2008,0,54
Handling,64,2009,0,54
Handling,64,2010,0,54
Handling,64,2011,0,54
Handling,64,2012,0,54
Handling,64,2013,0,54
Handling,64,2014,0,54
Handling,64,2015,0,54
Handling,64,2016,0,54
Handling,64,2017,0,54
Handling,64,2018,0,54
Handling,64,2019,0,54
Handling,64,2020,0,54
Handling,64,2021,0,54
Handling,64,2022,0,54
Rear wing,65,1950,0,0
Rear wing,65,1951,0,0
Rear wing,65,1952,0,0
Rear wing,65,1953,0,0
Rear wing,65,1954,0,0
Rear wing,65,1955,0,0
Rear wing,65,1956,0,0
Rear wing,65,1957,0,0
Rear wing,65,1958,0,0
Rear wing,65,1959,0,0
Rear wing,65,1960,0,0
Rear wing,65,1961,0,0
Rear wing,65,1962,0,0
Rear wing,65,1963,0,0
Rear wing,65,1964,0,0
Rear wing,65,1965,0,0
Rear wing,65,1966,0,0
Rear wing,65,1967,0,0
Rear wing,65,1968,0,0
Rear wing,65,1969,0,0
Rear wing,65,1970,0,0
Rear wing,65,1971,0,0
Rear wing,65,1972,0,0
Rear wing,65,1973,0,0
Rear wing,65,1974,0,0
Rear wing,65,1975,0,0
Rear wing,65,1976,0,0
Rear wing,65,1977,0,0
Rear wing,65,1978,0,0
Rear wing,65,1979,0,0
Rear wing,65,1980,0,0
Rear wing,65,1981,0,0
Rear wing,65,1982,0,0
Rear wing,65,1983,0,0
Rear wing,65,1984,0,0
Rear wing,65,1985,0,0
Rear wing,65,1986,0,0
Rear wing,65,1987,0,0
Rear wing,65,1988,0,0
Rear wing,65,1989,0,0
Rear wing,65,1990,0,0
Rear wing,65,1991,0,0
Rear wing,65,1992,0,0
Rear wing,65,1993,0,0
Rear wing,65,1994,0,0
Rear wing,65,1995,0,0
Rear wing,65,1996,0,0
Rear wing,65,1997,0,0
Rear wing,65,1998,0,0
Rear wing,65,1999,1,1
Rear wing,65,2000,0,1
Rear wing,65,2001,0,1
Rear wing,65,2002,2,3
Rear wing,65,2003,0,3
Rear wing,65,2004,1,4
Rear wing,65,2005,0,4
Rear wing,65,2006,0,4
Rear wing,65,2007,0,4
Rear wing,65,2008,0,4
Rear wing,65,2009,0,4
Rear wing,65,2010,1,5
Rear wing,65,2011,1,6
Rear wing,65,2012,1,7
Rear wing,65,2013,0,7
Rear wing,65,2014,1,8
Rear wing,65,2015,0,8
Rear wing,65,2016,0,8
Rear wing,65,2017,0,8
Rear wing,65,2018,0,8
Rear wing,65,2019,0,8
Rear wing,65,2020,0,8
Rear wing,65,2021,1,9
Rear wing,65,2022,0,9
Fire,66,1950,0,0
Fire,66,1951,0,0
Fire,66,1952,0,0
Fire,66,1953,0,0
Fire,66,1954,0,0
Fire,66,1955,0,0
Fire,66,1956,0,0
Fire,66,1957,0,0
Fire,66,1958,0,0
Fire,66,1959,0,0
Fire,66,1960,0,0
Fire,66,1961,0,0
Fire,66,1962,0,0
Fire,66,1963,0,0
Fire,66,1964,0,0
Fire,66,1965,0,0
Fire,66,1966,0,0
Fire,66,1967,0,0
Fire,66,1968,0,0
Fire,66,1969,0,0
Fire,66,1970,0,0
Fire,66,1971,0,0
Fire,66,1972,0,0
Fire,66,1973,0,0
Fire,66,1974,0,0
Fire,66,1975,0,0
Fire,66,1976,0,0
Fire,66,1977,0,0
Fire,66,1978,0,0
Fire,66,1979,0,0
Fire,66,1980,0,0
Fire,66,1981,0,0
Fire,66,1982,0,0
Fire,66,1983,0,0
Fire,66,1984,0,0
Fire,66,1985,0,0
Fire,66,1986,0,0
Fire,66,1987,0,0
Fire,66,1988,0,0
Fire,66,1989,1,1
Fire,66,1990,0,1
Fire,66,1991,0,1
Fire,66,1992,0,1
Fire,66,1993,0,1
Fire,66,1994,0,1
Fire,66,1995,0,1
Fire,66,1996,0,1
Fire,66,1997,0,1
Fire,66,1998,0,1
Fire,66,1999,1,2
Fire,66,2000,0,2
Fire,66,2001,0,2
Fire,66,2002,0,2
Fire,66,2003,0,2
Fire,66,2004,1,3
Fire,66,2005,0,3
Fire,66,2006,0,3
Fire,66,2007,0,3
Fire,66,2008,0,3
Fire,66,2009,0,3
Fire,66,2010,0,3
Fire,66,2011,0,3
Fire,66,2012,0,3
Fire,66,2013,0,3
Fire,66,2014,0,3
Fire,66,2015,0,3
Fire,66,2016,0,3
Fire,66,2017,0,3
Fire,66,2018,0,3
Fire,66,2019,0,3
Fire,66,2020,0,3
Fire,66,2021,0,3
Fire,66,2022,0,3
Wheel bearing,67,1950,1,1
Wheel bearing,67,1951,0,1
Wheel bearing,67,1952,1,2
Wheel bearing,67,1953,1,3
Wheel bearing,67,1954,2,5
Wheel bearing,67,1955,1,6
Wheel bearing,67,1956,0,6
Wheel bearing,67,1957,1,7
Wheel bearing,67,1958,0,7
Wheel bearing,67,1959,0,7
Wheel bearing,67,1960,0,7
Wheel bearing,67,1961,2,9
Wheel bearing,67,1962,2,11
Wheel bearing,67,1963,1,12
Wheel bearing,67,1964,1,13
Wheel bearing,67,1965,0,13
Wheel bearing,67,1966,0,13
Wheel bearing,67,1967,0,13
Wheel bearing,67,1968,0,13
Wheel bearing,67,1969,0,13
Wheel bearing,67,1970,0,13
Wheel bearing,67,1971,1,14
Wheel bearing,67,1972,0,14
Wheel bearing,67,1973,0,14
Wheel bearing,67,1974,0,14
Wheel bearing,67,1975,1,15
Wheel bearing,67,1976,0,15
Wheel bearing,67,1977,2,17
Wheel bearing,67,1978,0,17
Wheel bearing,67,1979,0,17
Wheel bearing,67,1980,4,21
Wheel bearing,67,1981,1,22
Wheel bearing,67,1982,0,22
Wheel bearing,67,1983,1,23
Wheel bearing,67,1984,0,23
Wheel bearing,67,1985,1,24
Wheel bearing,67,1986,3,27
Wheel bearing,67,1987,1,28
Wheel bearing,67,1988,0,28
Wheel bearing,67,1989,0,28
Wheel bearing,67,1990,2,30
Wheel bearing,67,1991,1,31
Wheel bearing,67,1992,0,31
Wheel bearing,67,1993,3,34
Wheel bearing,67,1994,0,34
Wheel bearing,67,1995,1,35
Wheel bearing,67,1996,0,35
Wheel bearing,67,1997,1,36
Wheel bearing,67,1998,0,36
Wheel bearing,67,1999,1,37
Wheel bearing,67,2000,0,37
Wheel bearing,67,2001,0,37
Wheel bearing,67,2002,0,37
Wheel bearing,67,2003,0,37
Wheel bearing,67,2004,0,37
Wheel bearing,67,2005,0,37
Wheel bearing,67,2006,0,37
Wheel bearing,67,2007,0,37
Wheel bearing,67,2008,0,37
Wheel bearing,67,2009,0,37
Wheel bearing,67,2010,0,37
Wheel bearing,67,2011,0,37
Wheel bearing,67,2012,0,37
Wheel bearing,67,2013,0,37
Wheel bearing,67,2014,0,37
Wheel bearing,67,2015,0,37
Wheel bearing,67,2016,0,37
Wheel bearing,67,2017,0,37
Wheel bearing,67,2018,0,37
Wheel bearing,67,2019,0,37
Wheel bearing,67,2020,0,37
Wheel bearing,67,2021,0,37
Wheel bearing,67,2022,0,37
Physical,68,1950,0,0
Physical,68,1951,0,0
Physical,68,1952,0,0
Physical,68,1953,1,1
Physical,68,1954,0,1
Physical,68,1955,0,1
Physical,68,1956,0,1
Physical,68,1957,0,1
Physical,68,1958,1,2
Physical,68,1959,1,3
Physical,68,1960,3,6
Physical,68,1961,0,6
Physical,68,1962,0,6
Physical,68,1963,1,7
Physical,68,1964,0,7
Physical,68,1965,0,7
Physical,68,1966,0,7
Physical,68,1967,0,7
Physical,68,1968,0,7
Physical,68,1969,1,8
Physical,68,1970,0,8
Physical,68,1971,1,9
Physical,68,1972,1,10
Physical,68,1973,1,11
Physical,68,1974,1,12
Physical,68,1975,1,13
Physical,68,1976,1,14
Physical,68,1977,0,14
Physical,68,1978,1,15
Physical,68,1979,0,15
Physical,68,1980,0,15
Physical,68,1981,0,15
Physical,68,1982,1,16
Physical,68,1983,1,17
Physical,68,1984,0,17
Physical,68,1985,0,17
Physical,68,1986,0,17
Physical,68,1987,1,18
Physical,68,1988,0,18
Physical,68,1989,1,19
Physical,68,1990,2,21
Physical,68,1991,3,24
Physical,68,1992,1,25
Physical,68,1993,2,27
Physical,68,1994,1,28
Physical,68,1995,2,30
Physical,68,1996,0,30
Physical,68,1997,0,30
Physical,68,1998,0,30
Physical,68,1999,1,31
Physical,68,2000,0,31
Physical,68,2001,0,31
Physical,68,2002,0,31
Physical,68,2003,0,31
Physical,68,2004,0,31
Physical,68,2005,0,31
Physical,68,2006,0,31
Physical,68,2007,0,31
Physical,68,2008,0,31
Physical,68,2009,0,31
Physical,68,2010,0,31
Physical,68,2011,0,31
Physical,68,2012,0,31
Physical,68,2013,0,31
Physical,68,2014,0,31
Physical,68,2015,0,31
Physical,68,2016,0,31
Physical,68,2017,0,31
Physical,68,2018,0,31
Physical,68,2019,0,31
Physical,68,2020,0,31
Physical,68,2021,0,31
Physical,68,2022,0,31
Fuel system,69,1950,0,0
Fuel system,69,1951,1,1
Fuel system,69,1952,0,1
Fuel system,69,1953,2,3
Fuel system,69,1954,2,5
Fuel system,69,1955,2,7
Fuel system,69,1956,4,11
Fuel system,69,1957,0,11
Fuel system,69,1958,0,11
Fuel system,69,1959,0,11
Fuel system,69,1960,2,13
Fuel system,69,1961,1,14
Fuel system,69,1962,2,16
Fuel system,69,1963,1,17
Fuel system,69,1964,0,17
Fuel system,69,1965,2,19
Fuel system,69,1966,3,22
Fuel system,69,1967,2,24
Fuel system,69,1968,4,28
Fuel system,69,1969,1,29
Fuel system,69,1970,2,31
Fuel system,69,1971,0,31
Fuel system,69,1972,7,38
Fuel system,69,1973,9,47
Fuel system,69,1974,9,56
Fuel system,69,1975,6,62
Fuel system,69,1976,7,69
Fuel system,69,1977,7,76
Fuel system,69,1978,9,85
Fuel system,69,1979,5,90
Fuel system,69,1980,2,92
Fuel system,69,1981,5,97
Fuel system,69,1982,9,106
Fuel system,69,1983,4,110
Fuel system,69,1984,5,115
Fuel system,69,1985,4,119
Fuel system,69,1986,3,122
Fuel system,69,1987,2,124
Fuel system,69,1988,4,128
Fuel system,69,1989,5,133
Fuel system,69,1990,1,134
Fuel system,69,1991,1,135
Fuel system,69,1992,4,139
Fuel system,69,1993,5,144
Fuel system,69,1994,1,145
Fuel system,69,1995,2,147
Fuel system,69,1996,1,148
Fuel system,69,1997,0,148
Fuel system,69,1998,0,148
Fuel system,69,1999,0,148
Fuel system,69,2000,1,149
Fuel system,69,2001,0,149
Fuel system,69,2002,0,149
Fuel system,69,2003,4,153
Fuel system,69,2004,0,153
Fuel system,69,2005,0,153
Fuel system,69,2006,0,153
Fuel system,69,2007,0,153
Fuel system,69,2008,0,153
Fuel system,69,2009,0,153
Fuel system,69,2010,0,153
Fuel system,69,2011,0,153
Fuel system,69,2012,0,153
Fuel system,69,2013,1,154
Fuel system,69,2014,0,154
Fuel system,69,2015,1,155
Fuel system,69,2016,0,155
Fuel system,69,2017,0,155
Fuel system,69,2018,0,155
Fuel system,69,2019,0,155
Fuel system,69,2020,0,155
Fuel system,69,2021,0,155
Fuel system,69,2022,0,155
Oil line,70,1950,1,1
Oil line,70,1951,0,1
Oil line,70,1952,0,1
Oil line,70,1953,0,1
Oil line,70,1954,0,1
Oil line,70,1955,0,1
Oil line,70,1956,0,1
Oil line,70,1957,0,1
Oil line,70,1958,0,1
Oil line,70,1959,0,1
Oil line,70,1960,0,1
Oil line,70,1961,0,1
Oil line,70,1962,0,1
Oil line,70,1963,0,1
Oil line,70,1964,0,1
Oil line,70,1965,0,1
Oil line,70,1966,0,1
Oil line,70,1967,0,1
Oil line,70,1968,0,1
Oil line,70,1969,0,1
Oil line,70,1970,0,1
Oil line,70,1971,0,1
Oil line,70,1972,0,1
Oil line,70,1973,0,1
Oil line,70,1974,0,1
Oil line,70,1975,0,1
Oil line,70,1976,0,1
Oil line,70,1977,0,1
Oil line,70,1978,0,1
Oil line,70,1979,0,1
Oil line,70,1980,0,1
Oil line,70,1981,0,1
Oil line,70,1982,0,1
Oil line,70,1983,0,1
Oil line,70,1984,0,1
Oil line,70,1985,0,1
Oil line,70,1986,0,1
Oil line,70,1987,0,1
Oil line,70,1988,0,1
Oil line,70,1989,0,1
Oil line,70,1990,0,1
Oil line,70,1991,0,1
Oil line,70,1992,0,1
Oil line,70,1993,0,1
Oil line,70,1994,0,1
Oil line,70,1995,0,1
Oil line,70,1996,0,1
Oil line,70,1997,0,1
Oil line,70,1998,0,1
Oil line,70,1999,0,1
Oil line,70,2000,0,1
Oil line,70,2001,0,1
Oil line,70,2002,0,1
Oil line,70,2003,1,2
Oil line,70,2004,0,2
Oil line,70,2005,0,2
Oil line,70,2006,0,2
Oil line,70,2007,0,2
Oil line,70,2008,0,2
Oil line,70,2009,0,2
Oil line,70,2010,0,2
Oil line,70,2011,0,2
Oil line,70,2012,0,2
Oil line,70,2013,0,2
Oil line,70,2014,0,2
Oil line,70,2015,0,2
Oil line,70,2016,0,2
Oil line,70,2017,0,2
Oil line,70,2018,0,2
Oil line,70,2019,0,2
Oil line,70,2020,0,2
Oil line,70,2021,0,2
Oil line,70,2022,0,2
Fuel rig,71,1950,0,0
Fuel rig,71,1951,0,0
Fuel rig,71,1952,0,0
Fuel rig,71,1953,0,0
Fuel rig,71,1954,0,0
Fuel rig,71,1955,0,0
Fuel rig,71,1956,0,0
Fuel rig,71,1957,0,0
Fuel rig,71,1958,0,0
Fuel rig,71,1959,0,0
Fuel rig,71,1960,0,0
Fuel rig,71,1961,0,0
Fuel rig,71,1962,0,0
Fuel rig,71,1963,0,0
Fuel rig,71,1964,0,0
Fuel rig,71,1965,0,0
Fuel rig,71,1966,0,0
Fuel rig,71,1967,0,0
Fuel rig,71,1968,0,0
Fuel rig,71,1969,0,0
Fuel rig,71,1970,0,0
Fuel rig,71,1971,0,0
Fuel rig,71,1972,0,0
Fuel rig,71,1973,0,0
Fuel rig,71,1974,0,0
Fuel rig,71,1975,0,0
Fuel rig,71,1976,0,0
Fuel rig,71,1977,0,0
Fuel rig,71,1978,0,0
Fuel rig,71,1979,0,0
Fuel rig,71,1980,0,0
Fuel rig,71,1981,0,0
Fuel rig,71,1982,0,0
Fuel rig,71,1983,0,0
Fuel rig,71,1984,0,0
Fuel rig,71,1985,0,0
Fuel rig,71,1986,0,0
Fuel rig,71,1987,0,0
Fuel rig,71,1988,0,0
Fuel rig,71,1989,0,0
Fuel rig,71,1990,0,0
Fuel rig,71,1991,0,0
Fuel rig,71,1992,0,0
Fuel rig,71,1993,0,0
Fuel rig,71,1994,0,0
Fuel rig,71,1995,0,0
Fuel rig,71,1996,0,0
Fuel rig,71,1997,0,0
Fuel rig,71,1998,0,0
Fuel rig,71,1999,0,0
Fuel rig,71,2000,0,0
Fuel rig,71,2001,1,1
Fuel rig,71,2002,0,1
Fuel rig,71,2003,1,2
Fuel rig,71,2004,0,2
Fuel rig,71,2005,0,2
Fuel rig,71,2006,0,2
Fuel rig,71,2007,0,2
Fuel rig,71,2008,0,2
Fuel rig,71,2009,0,2
Fuel rig,71,2010,0,2
Fuel rig,71,2011,0,2
Fuel rig,71,2012,0,2
Fuel rig,71,2013,0,2
Fuel rig,71,2014,0,2
Fuel rig,71,2015,0,2
Fuel rig,71,2016,0,2
Fuel rig,71,2017,0,2
Fuel rig,71,2018,0,2
Fuel rig,71,2019,0,2
Fuel rig,71,2020,0,2
Fuel rig,71,2021,0,2
Fuel rig,71,2022,0,2
Launch control,72,1950,0,0
Launch control,72,1951,0,0
Launch control,72,1952,0,0
Launch control,72,1953,0,0
Launch control,72,1954,0,0
Launch control,72,1955,0,0
Launch control,72,1956,0,0
Launch control,72,1957,0,0
Launch control,72,1958,0,0
Launch control,72,1959,0,0
Launch control,72,1960,0,0
Launch control,72,1961,0,0
Launch control,72,1962,0,0
Launch control,72,1963,0,0
Launch control,72,1964,0,0
Launch control,72,1965,0,0
Launch control,72,1966,0,0
Launch control,72,1967,0,0
Launch control,72,1968,0,0
Launch control,72,1969,0,0
Launch control,72,1970,0,0
Launch control,72,1971,0,0
Launch control,72,1972,0,0
Launch control,72,1973,0,0
Launch control,72,1974,0,0
Launch control,72,1975,0,0
Launch control,72,1976,0,0
Launch control,72,1977,0,0
Launch control,72,1978,0,0
Launch control,72,1979,0,0
Launch control,72,1980,0,0
Launch control,72,1981,0,0
Launch control,72,1982,0,0
Launch control,72,1983,0,0
Launch control,72,1984,0,0
Launch control,72,1985,0,0
Launch control,72,1986,0,0
Launch control,72,1987,0,0
Launch control,72,1988,0,0
Launch control,72,1989,0,0
Launch control,72,1990,0,0
Launch control,72,1991,0,0
Launch control,72,1992,0,0
Launch control,72,1993,0,0
Launch control,72,1994,0,0
Launch control,72,1995,0,0
Launch control,72,1996,0,0
Launch control,72,1997,0,0
Launch control,72,1998,0,0
Launch control,72,1999,0,0
Launch control,72,2000,0,0
Launch control,72,2001,0,0
Launch control,72,2002,0,0
Launch control,72,2003,1,1
Launch control,72,2004,0,1
Launch control,72,2005,0,1
Launch control,72,2006,0,1
Launch control,72,2007,0,1
Launch control,72,2008,0,1
Launch control,72,2009,0,1
Launch control,72,2010,0,1
Launch control,72,2011,0,1
Launch control,72,2012,0,1
Launch control,72,2013,0,1
Launch control,72,2014,0,1
Launch control,72,2015,0,1
Launch control,72,2016,0,1
Launch control,72,2017,0,1
Launch control,72,2018,0,1
Launch control,72,2019,0,1
Launch control,72,2020,0,1
Launch control,72,2021,0,1
Launch control,72,2022,0,1
Injured,73,1950,0,0
Injured,73,1951,0,0
Injured,73,1952,0,0
Injured,73,1953,0,0
Injured,73,1954,0,0
Injured,73,1955,0,0
Injured,73,1956,0,0
Injured,73,1957,0,0
Injured,73,1958,0,0
Injured,73,1959,0,0
Injured,73,1960,0,0
Injured,73,1961,0,0
Injured,73,1962,0,0
Injured,73,1963,0,0
Injured,73,1964,0,0
Injured,73,1965,0,0
Injured,73,1966,0,0
Injured,73,1967,0,0
Injured,73,1968,0,0
Injured,73,1969,0,0
Injured,73,1970,0,0
Injured,73,1971,0,0
Injured,73,1972,0,0
Injured,73,1973,0,0
Injured,73,1974,0,0
Injured,73,1975,0,0
Injured,73,1976,0,0
Injured,73,1977,1,1
Injured,73,1978,0,1
Injured,73,1979,0,1
Injured,73,1980,0,1
Injured,73,1981,0,1
Injured,73,1982,0,1
Injured,73,1983,0,1
Injured,73,1984,0,1
Injured,73,1985,0,1
Injured,73,1986,0,1
Injured,73,1987,0,1
Injured,73,1988,1,2
Injured,73,1989,0,2
Injured,73,1990,1,3
Injured,73,1991,0,3
Injured,73,1992,0,3
Injured,73,1993,0,3
Injured,73,1994,0,3
Injured,73,1995,1,4
Injured,73,1996,0,4
Injured,73,1997,0,4
Injured,73,1998,0,4
Injured,73,1999,0,4
Injured,73,2000,0,4
Injured,73,2001,0,4
Injured,73,2002,1,5
Injured,73,2003,1,6
Injured,73,2004,0,6
Injured,73,2005,0,6
Injured,73,2006,0,6
Injured,73,2007,0,6
Injured,73,2008,0,6
Injured,73,2009,1,7
Injured,73,2010,0,7
Injured,73,2011,0,7
Injured,73,2012,0,7
Injured,73,2013,0,7
Injured,73,2014,0,7
Injured,73,2015,0,7
Injured,73,2016,0,7
Injured,73,2017,0,7
Injured,73,2018,0,7
Injured,73,2019,0,7
Injured,73,2020,0,7
Injured,73,2021,0,7
Injured,73,2022,0,7
Fuel,74,1950,0,0
Fuel,74,1951,0,0
Fuel,74,1952,0,0
Fuel,74,1953,0,0
Fuel,74,1954,0,0
Fuel,74,1955,0,0
Fuel,74,1956,0,0
Fuel,74,1957,0,0
Fuel,74,1958,0,0
Fuel,74,1959,0,0
Fuel,74,1960,0,0
Fuel,74,1961,0,0
Fuel,74,1962,0,0
Fuel,74,1963,0,0
Fuel,74,1964,0,0
Fuel,74,1965,0,0
Fuel,74,1966,0,0
Fuel,74,1967,0,0
Fuel,74,1968,0,0
Fuel,74,1969,0,0
Fuel,74,1970,0,0
Fuel,74,1971,0,0
Fuel,74,1972,0,0
Fuel,74,1973,0,0
Fuel,74,1974,0,0
Fuel,74,1975,0,0
Fuel,74,1976,0,0
Fuel,74,1977,0,0
Fuel,74,1978,0,0
Fuel,74,1979,0,0
Fuel,74,1980,0,0
Fuel,74,1981,0,0
Fuel,74,1982,0,0
Fuel,74,1983,0,0
Fuel,74,1984,0,0
Fuel,74,1985,0,0
Fuel,74,1986,0,0
Fuel,74,1987,0,0
Fuel,74,1988,0,0
Fuel,74,1989,0,0
Fuel,74,1990,0,0
Fuel,74,1991,0,0
Fuel,74,1992,0,0
Fuel,74,1993,0,0
Fuel,74,1994,0,0
Fuel,74,1995,0,0
Fuel,74,1996,0,0
Fuel,74,1997,2,2
Fuel,74,1998,0,2
Fuel,74,1999,0,2
Fuel,74,2000,0,2
Fuel,74,2001,0,2
Fuel,74,2002,1,3
Fuel,74,2003,1,4
Fuel,74,2004,0,4
Fuel,74,2005,0,4
Fuel,74,2006,0,4
Fuel,74,2007,0,4
Fuel,74,2008,0,4
Fuel,74,2009,0,4
Fuel,74,2010,0,4
Fuel,74,2011,0,4
Fuel,74,2012,0,4
Fuel,74,2013,0,4
Fuel,74,2014,0,4
Fuel,74,2015,0,4
Fuel,74,2016,0,4
Fuel,74,2017,0,4
Fuel,74,2018,0,4
Fuel,74,2019,0,4
Fuel,74,2020,0,4
Fuel,74,2021,0,4
Fuel,74,2022,0,4
Power loss,75,1950,0,0
Power loss,75,1951,0,0
Power loss,75,1952,0,0
Power loss,75,1953,0,0
Power loss,75,1954,0,0
Power loss,75,1955,0,0
Power loss,75,1956,0,0
Power loss,75,1957,0,0
Power loss,75,1958,0,0
Power loss,75,1959,0,0
Power loss,75,1960,0,0
Power loss,75,1961,0,0
Power loss,75,1962,0,0
Power loss,75,1963,0,0
Power loss,75,1964,0,0
Power loss,75,1965,0,0
Power loss,75,1966,0,0
Power loss,75,1967,0,0
Power loss,75,1968,0,0
Power loss,75,1969,0,0
Power loss,75,1970,0,0
Power loss,75,1971,0,0
Power loss,75,1972,0,0
Power loss,75,1973,0,0
Power loss,75,1974,0,0
Power loss,75,1975,0,0
Power loss,75,1976,0,0
Power loss,75,1977,0,0
Power loss,75,1978,0,0
Power loss,75,1979,0,0
Power loss,75,1980,0,0
Power loss,75,1981,0,0
Power loss,75,1982,0,0
Power loss,75,1983,0,0
Power loss,75,1984,0,0
Power loss,75,1985,0,0
Power loss,75,1986,0,0
Power loss,75,1987,0,0
Power loss,75,1988,0,0
Power loss,75,1989,0,0
Power loss,75,1990,0,0
Power loss,75,1991,0,0
Power loss,75,1992,0,0
Power loss,75,1993,0,0
Power loss,75,1994,0,0
Power loss,75,1995,0,0
Power loss,75,1996,0,0
Power loss,75,1997,0,0
Power loss,75,1998,0,0
Power loss,75,1999,0,0
Power loss,75,2000,0,0
Power loss,75,2001,0,0
Power loss,75,2002,2,2
Power loss,75,2003,0,2
Power loss,75,2004,0,2
Power loss,75,2005,0,2
Power loss,75,2006,0,2
Power loss,75,2007,0,2
Power loss,75,2008,0,2
Power loss,75,2009,0,2
Power loss,75,2010,0,2
Power loss,75,2011,0,2
Power loss,75,2012,0,2
Power loss,75,2013,0,2
Power loss,75,2014,0,2
Power loss,75,2015,3,5
Power loss,75,2016,1,6
Power loss,75,2017,0,6
Power loss,75,2018,3,9
Power loss,75,2019,3,12
Power loss,75,2020,0,12
Power loss,75,2021,1,13
Power loss,75,2022,0,13
Vibrations,76,1950,0,0
Vibrations,76,1951,0,0
Vibrations,76,1952,0,0
Vibrations,76,1953,0,0
Vibrations,76,1954,0,0
Vibrations,76,1955,0,0
Vibrations,76,1956,0,0
Vibrations,76,1957,0,0
Vibrations,76,1958,0,0
Vibrations,76,1959,0,0
Vibrations,76,1960,1,1
Vibrations,76,1961,0,1
Vibrations,76,1962,0,1
Vibrations,76,1963,0,1
Vibrations,76,1964,0,1
Vibrations,76,1965,0,1
Vibrations,76,1966,0,1
Vibrations,76,1967,0,1
Vibrations,76,1968,0,1
Vibrations,76,1969,0,1
Vibrations,76,1970,0,1
Vibrations,76,1971,0,1
Vibrations,76,1972,0,1
Vibrations,76,1973,0,1
Vibrations,76,1974,0,1
Vibrations,76,1975,1,2
Vibrations,76,1976,0,2
Vibrations,76,1977,0,2
Vibrations,76,1978,0,2
Vibrations,76,1979,0,2
Vibrations,76,1980,0,2
Vibrations,76,1981,0,2
Vibrations,76,1982,0,2
Vibrations,76,1983,1,3
Vibrations,76,1984,0,3
Vibrations,76,1985,0,3
Vibrations,76,1986,0,3
Vibrations,76,1987,0,3
Vibrations,76,1988,0,3
Vibrations,76,1989,0,3
Vibrations,76,1990,0,3
Vibrations,76,1991,0,3
Vibrations,76,1992,0,3
Vibrations,76,1993,0,3
Vibrations,76,1994,0,3
Vibrations,76,1995,0,3
Vibrations,76,1996,1,4
Vibrations,76,1997,0,4
Vibrations,76,1998,1,5
Vibrations,76,1999,0,5
Vibrations,76,2000,0,5
Vibrations,76,2001,0,5
Vibrations,76,2002,0,5
Vibrations,76,2003,0,5
Vibrations,76,2004,0,5
Vibrations,76,2005,0,5
Vibrations,76,2006,0,5
Vibrations,76,2007,0,5
Vibrations,76,2008,0,5
Vibrations,76,2009,0,5
Vibrations,76,2010,0,5
Vibrations,76,2011,0,5
Vibrations,76,2012,3,8
Vibrations,76,2013,0,8
Vibrations,76,2014,0,8
Vibrations,76,2015,0,8
Vibrations,76,2016,0,8
Vibrations,76,2017,1,9
Vibrations,76,2018,0,9
Vibrations,76,2019,0,9
Vibrations,76,2020,0,9
Vibrations,76,2021,0,9
Vibrations,76,2022,0,9
107% Rule,77,1950,0,0
107% Rule,77,1951,0,0
107% Rule,77,1952,0,0
107% Rule,77,1953,0,0
107% Rule,77,1954,0,0
107% Rule,77,1955,0,0
107% Rule,77,1956,0,0
107% Rule,77,1957,0,0
107% Rule,77,1958,0,0
107% Rule,77,1959,0,0
107% Rule,77,1960,0,0
107% Rule,77,1961,0,0
107% Rule,77,1962,0,0
107% Rule,77,1963,0,0
107% Rule,77,1964,0,0
107% Rule,77,1965,0,0
107% Rule,77,1966,0,0
107% Rule,77,1967,0,0
107% Rule,77,1968,0,0
107% Rule,77,1969,0,0
107% Rule,77,1970,0,0
107% Rule,77,1971,0,0
107% Rule,77,1972,0,0
107% Rule,77,1973,0,0
107% Rule,77,1974,0,0
107% Rule,77,1975,0,0
107% Rule,77,1976,0,0
107% Rule,77,1977,0,0
107% Rule,77,1978,0,0
107% Rule,77,1979,0,0
107% Rule,77,1980,0,0
107% Rule,77,1981,0,0
107% Rule,77,1982,0,0
107% Rule,77,1983,0,0
107% Rule,77,1984,0,0
107% Rule,77,1985,0,0
107% Rule,77,1986,0,0
107% Rule,77,1987,0,0
107% Rule,77,1988,0,0
107% Rule,77,1989,0,0
107% Rule,77,1990,0,0
107% Rule,77,1991,0,0
107% Rule,77,1992,0,0
107% Rule,77,1993,0,0
107% Rule,77,1994,0,0
107% Rule,77,1995,0,0
107% Rule,77,1996,7,7
107% Rule,77,1997,0,7
107% Rule,77,1998,0,7
107% Rule,77,1999,0,7
107% Rule,77,2000,0,7
107% Rule,77,2001,1,8
107% Rule,77,2002,1,9
107% Rule,77,2003,0,9
107% Rule,77,2004,0,9
107% Rule,77,2005,0,9
107% Rule,77,2006,0,9
107% Rule,77,2007,0,9
107% Rule,77,2008,0,9
107% Rule,77,2009,0,9
107% Rule,77,2010,0,9
107% Rule,77,2011,0,9
107% Rule,77,2012,0,9
107% Rule,77,2013,0,9
107% Rule,77,2014,0,9
107% Rule,77,2015,0,9
107% Rule,77,2016,0,9
107% Rule,77,2017,0,9
107% Rule,77,2018,0,9
107% Rule,77,2019,0,9
107% Rule,77,2020,0,9
107% Rule,77,2021,0,9
107% Rule,77,2022,0,9
Safety,78,1950,0,0
Safety,78,1951,0,0
Safety,78,1952,0,0
Safety,78,1953,0,0
Safety,78,1954,0,0
Safety,78,1955,0,0
Safety,78,1956,0,0
Safety,78,1957,0,0
Safety,78,1958,0,0
Safety,78,1959,0,0
Safety,78,1960,0,0
Safety,78,1961,0,0
Safety,78,1962,0,0
Safety,78,1963,0,0
Safety,78,1964,0,0
Safety,78,1965,0,0
Safety,78,1966,0,0
Safety,78,1967,0,0
Safety,78,1968,0,0
Safety,78,1969,0,0
Safety,78,1970,0,0
Safety,78,1971,0,0
Safety,78,1972,0,0
Safety,78,1973,0,0
Safety,78,1974,0,0
Safety,78,1975,0,0
Safety,78,1976,0,0
Safety,78,1977,0,0
Safety,78,1978,0,0
Safety,78,1979,0,0
Safety,78,1980,0,0
Safety,78,1981,0,0
Safety,78,1982,0,0
Safety,78,1983,0,0
Safety,78,1984,0,0
Safety,78,1985,0,0
Safety,78,1986,0,0
Safety,78,1987,0,0
Safety,78,1988,0,0
Safety,78,1989,0,0
Safety,78,1990,0,0
Safety,78,1991,0,0
Safety,78,1992,0,0
Safety,78,1993,0,0
Safety,78,1994,0,0
Safety,78,1995,0,0
Safety,78,1996,0,0
Safety,78,1997,0,0
Safety,78,1998,0,0
Safety,78,1999,0,0
Safety,78,2000,0,0
Safety,78,2001,0,0
Safety,78,2002,2,2
Safety,78,2003,0,2
Safety,78,2004,0,2
Safety,78,2005,0,2
Safety,78,2006,0,2
Safety,78,2007,0,2
Safety,78,2008,0,2
Safety,78,2009,0,2
Safety,78,2010,0,2
Safety,78,2011,0,2
Safety,78,2012,0,2
Safety,78,2013,0,2
Safety,78,2014,0,2
Safety,78,2015,0,2
Safety,78,2016,0,2
Safety,78,2017,0,2
Safety,78,2018,0,2
Safety,78,2019,0,2
Safety,78,2020,0,2
Safety,78,2021,0,2
Safety,78,2022,0,2
Drivetrain,79,1950,0,0
Drivetrain,79,1951,0,0
Drivetrain,79,1952,0,0
Drivetrain,79,1953,0,0
Drivetrain,79,1954,0,0
Drivetrain,79,1955,0,0
Drivetrain,79,1956,0,0
Drivetrain,79,1957,0,0
Drivetrain,79,1958,0,0
Drivetrain,79,1959,0,0
Drivetrain,79,1960,0,0
Drivetrain,79,1961,0,0
Drivetrain,79,1962,0,0
Drivetrain,79,1963,0,0
Drivetrain,79,1964,0,0
Drivetrain,79,1965,0,0
Drivetrain,79,1966,0,0
Drivetrain,79,1967,0,0
Drivetrain,79,1968,0,0
Drivetrain,79,1969,0,0
Drivetrain,79,1970,0,0
Drivetrain,79,1971,0,0
Drivetrain,79,1972,0,0
Drivetrain,79,1973,0,0
Drivetrain,79,1974,0,0
Drivetrain,79,1975,0,0
Drivetrain,79,1976,0,0
Drivetrain,79,1977,0,0
Drivetrain,79,1978,0,0
Drivetrain,79,1979,0,0
Drivetrain,79,1980,0,0
Drivetrain,79,1981,0,0
Drivetrain,79,1982,0,0
Drivetrain,79,1983,0,0
Drivetrain,79,1984,0,0
Drivetrain,79,1985,0,0
Drivetrain,79,1986,0,0
Drivetrain,79,1987,0,0
Drivetrain,79,1988,0,0
Drivetrain,79,1989,0,0
Drivetrain,79,1990,0,0
Drivetrain,79,1991,0,0
Drivetrain,79,1992,0,0
Drivetrain,79,1993,0,0
Drivetrain,79,1994,0,0
Drivetrain,79,1995,0,0
Drivetrain,79,1996,0,0
Drivetrain,79,1997,0,0
Drivetrain,79,1998,0,0
Drivetrain,79,1999,0,0
Drivetrain,79,2000,0,0
Drivetrain,79,2001,0,0
Drivetrain,79,2002,1,1
Drivetrain,79,2003,0,1
Drivetrain,79,2004,0,1
Drivetrain,79,2005,0,1
Drivetrain,79,2006,0,1
Drivetrain,79,2007,0,1
Drivetrain,79,2008,0,1
Drivetrain,79,2009,0,1
Drivetrain,79,2010,0,1
Drivetrain,79,2011,0,1
Drivetrain,79,2012,0,1
Drivetrain,79,2013,0,1
Drivetrain,79,2014,1,2
Drivetrain,79,2015,0,2
Drivetrain,79,2016,0,2
Drivetrain,79,2017,0,2
Drivetrain,79,2018,0,2
Drivetrain,79,2019,0,2
Drivetrain,79,2020,0,2
Drivetrain,79,2021,0,2
Drivetrain,79,2022,0,2
Ignition,80,1950,0,0
Ignition,80,1951,6,6
Ignition,80,1952,3,9
Ignition,80,1953,4,13
Ignition,80,1954,1,14
Ignition,80,1955,1,15
Ignition,80,1956,1,16
Ignition,80,1957,0,16
Ignition,80,1958,1,17
Ignition,80,1959,2,19
Ignition,80,1960,1,20
Ignition,80,1961,6,26
Ignition,80,1962,3,29
Ignition,80,1963,7,36
Ignition,80,1964,4,40
Ignition,80,1965,11,51
Ignition,80,1966,5,56
Ignition,80,1967,6,62
Ignition,80,1968,9,71
Ignition,80,1969,5,76
Ignition,80,1970,4,80
Ignition,80,1971,5,85
Ignition,80,1972,2,87
Ignition,80,1973,3,90
Ignition,80,1974,4,94
Ignition,80,1975,1,95
Ignition,80,1976,2,97
Ignition,80,1977,4,101
Ignition,80,1978,1,102
Ignition,80,1979,2,104
Ignition,80,1980,0,104
Ignition,80,1981,3,107
Ignition,80,1982,3,110
Ignition,80,1983,3,113
Ignition,80,1984,3,116
Ignition,80,1985,1,117
Ignition,80,1986,0,117
Ignition,80,1987,6,123
Ignition,80,1988,2,125
Ignition,80,1989,0,125
Ignition,80,1990,1,126
Ignition,80,1991,0,126
Ignition,80,1992,0,126
Ignition,80,1993,0,126
Ignition,80,1994,1,127
Ignition,80,1995,0,127
Ignition,80,1996,0,127
Ignition,80,1997,0,127
Ignition,80,1998,0,127
Ignition,80,1999,0,127
Ignition,80,2000,0,127
Ignition,80,2001,0,127
Ignition,80,2002,1,128
Ignition,80,2003,0,128
Ignition,80,2004,0,128
Ignition,80,2005,0,128
Ignition,80,2006,0,128
Ignition,80,2007,0,128
Ignition,80,2008,0,128
Ignition,80,2009,0,128
Ignition,80,2010,0,128
Ignition,80,2011,0,128
Ignition,80,2012,0,128
Ignition,80,2013,0,128
Ignition,80,2014,0,128
Ignition,80,2015,0,128
Ignition,80,2016,0,128
Ignition,80,2017,0,128
Ignition,80,2018,0,128
Ignition,80,2019,0,128
Ignition,80,2020,0,128
Ignition,80,2021,0,128
Ignition,80,2022,0,128
Did not qualify,81,1950,0,0
Did not qualify,81,1951,0,0
Did not qualify,81,1952,11,11
Did not qualify,81,1953,0,11
Did not qualify,81,1954,1,12
Did not qualify,81,1955,3,15
Did not qualify,81,1956,1,16
Did not qualify,81,1957,5,21
Did not qualify,81,1958,15,36
Did not qualify,81,1959,14,50
Did not qualify,81,1960,8,58
Did not qualify,81,1961,5,63
Did not qualify,81,1962,18,81
Did not qualify,81,1963,12,93
Did not qualify,81,1964,9,102
Did not qualify,81,1965,10,112
Did not qualify,81,1966,2,114
Did not qualify,81,1967,4,118
Did not qualify,81,1968,4,122
Did not qualify,81,1969,0,122
Did not qualify,81,1970,27,149
Did not qualify,81,1971,6,155
Did not qualify,81,1972,4,159
Did not qualify,81,1973,0,159
Did not qualify,81,1974,49,208
Did not qualify,81,1975,17,225
Did not qualify,81,1976,35,260
Did not qualify,81,1977,66,326
Did not qualify,81,1978,55,381
Did not qualify,81,1979,40,421
Did not qualify,81,1980,47,468
Did not qualify,81,1981,88,556
Did not qualify,81,1982,56,612
Did not qualify,81,1983,37,649
Did not qualify,81,1984,16,665
Did not qualify,81,1985,6,671
Did not qualify,81,1986,5,676
Did not qualify,81,1987,4,680
Did not qualify,81,1988,62,742
Did not qualify,81,1989,60,802
Did not qualify,81,1990,61,863
Did not qualify,81,1991,64,927
Did not qualify,81,1992,48,975
Did not qualify,81,1993,8,983
Did not qualify,81,1994,26,1009
Did not qualify,81,1995,0,1009
Did not qualify,81,1996,5,1014
Did not qualify,81,1997,2,1016
Did not qualify,81,1998,2,1018
Did not qualify,81,1999,1,1019
Did not qualify,81,2000,0,1019
Did not qualify,81,2001,0,1019
Did not qualify,81,2002,2,1021
Did not qualify,81,2003,0,1021
Did not qualify,81,2004,0,1021
Did not qualify,81,2005,0,1021
Did not qualify,81,2006,0,1021
Did not qualify,81,2007,0,1021
Did not qualify,81,2008,0,1021
Did not qualify,81,2009,0,1021
Did not qualify,81,2010,0,1021
Did not qualify,81,2011,2,1023
Did not qualify,81,2012,2,1025
Did not qualify,81,2013,0,1025
Did not qualify,81,2014,0,1025
Did not qualify,81,2015,0,1025
Did not qualify,81,2016,0,1025
Did not qualify,81,2017,0,1025
Did not qualify,81,2018,0,1025
Did not qualify,81,2019,0,1025
Did not qualify,81,2020,0,1025
Did not qualify,81,2021,0,1025
Did not qualify,81,2022,0,1025
Injury,82,1950,0,0
Injury,82,1951,0,0
Injury,82,1952,0,0
Injury,82,1953,0,0
Injury,82,1954,0,0
Injury,82,1955,0,0
Injury,82,1956,0,0
Injury,82,1957,0,0
Injury,82,1958,0,0
Injury,82,1959,0,0
Injury,82,1960,0,0
Injury,82,1961,0,0
Injury,82,1962,0,0
Injury,82,1963,0,0
Injury,82,1964,0,0
Injury,82,1965,0,0
Injury,82,1966,1,1
Injury,82,1967,0,1
Injury,82,1968,0,1
Injury,82,1969,0,1
Injury,82,1970,0,1
Injury,82,1971,0,1
Injury,82,1972,0,1
Injury,82,1973,0,1
Injury,82,1974,0,1
Injury,82,1975,0,1
Injury,82,1976,0,1
Injury,82,1977,0,1
Injury,82,1978,0,1
Injury,82,1979,0,1
Injury,82,1980,0,1
Injury,82,1981,0,1
Injury,82,1982,1,2
Injury,82,1983,0,2
Injury,82,1984,0,2
Injury,82,1985,1,3
Injury,82,1986,0,3
Injury,82,1987,1,4
Injury,82,1988,0,4
Injury,82,1989,0,4
Injury,82,1990,0,4
Injury,82,1991,0,4
Injury,82,1992,0,4
Injury,82,1993,1,5
Injury,82,1994,3,8
Injury,82,1995,0,8
Injury,82,1996,1,9
Injury,82,1997,1,10
Injury,82,1998,1,11
Injury,82,1999,0,11
Injury,82,2000,0,11
Injury,82,2001,0,11
Injury,82,2002,1,12
Injury,82,2003,0,12
Injury,82,2004,0,12
Injury,82,2005,0,12
Injury,82,2006,0,12
Injury,82,2007,0,12
Injury,82,2008,0,12
Injury,82,2009,0,12
Injury,82,2010,0,12
Injury,82,2011,1,13
Injury,82,2012,0,13
Injury,82,2013,0,13
Injury,82,2014,0,13
Injury,82,2015,0,13
Injury,82,2016,0,13
Injury,82,2017,0,13
Injury,82,2018,0,13
Injury,82,2019,0,13
Injury,82,2020,0,13
Injury,82,2021,0,13
Injury,82,2022,0,13
Chassis,83,1950,0,0
Chassis,83,1951,0,0
Chassis,83,1952,0,0
Chassis,83,1953,0,0
Chassis,83,1954,0,0
Chassis,83,1955,0,0
Chassis,83,1956,1,1
Chassis,83,1957,1,2
Chassis,83,1958,0,2
Chassis,83,1959,0,2
Chassis,83,1960,1,3
Chassis,83,1961,1,4
Chassis,83,1962,0,4
Chassis,83,1963,1,5
Chassis,83,1964,0,5
Chassis,83,1965,0,5
Chassis,83,1966,0,5
Chassis,83,1967,0,5
Chassis,83,1968,1,6
Chassis,83,1969,1,7
Chassis,83,1970,0,7
Chassis,83,1971,0,7
Chassis,83,1972,0,7
Chassis,83,1973,1,8
Chassis,83,1974,2,10
Chassis,83,1975,1,11
Chassis,83,1976,0,11
Chassis,83,1977,0,11
Chassis,83,1978,1,12
Chassis,83,1979,1,13
Chassis,83,1980,1,14
Chassis,83,1981,0,14
Chassis,83,1982,3,17
Chassis,83,1983,0,17
Chassis,83,1984,1,18
Chassis,83,1985,0,18
Chassis,83,1986,0,18
Chassis,83,1987,0,18
Chassis,83,1988,7,25
Chassis,83,1989,1,26
Chassis,83,1990,1,27
Chassis,83,1991,1,28
Chassis,83,1992,0,28
Chassis,83,1993,0,28
Chassis,83,1994,0,28
Chassis,83,1995,0,28
Chassis,83,1996,0,28
Chassis,83,1997,0,28
Chassis,83,1998,0,28
Chassis,83,1999,0,28
Chassis,83,2000,0,28
Chassis,83,2001,0,28
Chassis,83,2002,1,29
Chassis,83,2003,0,29
Chassis,83,2004,0,29
Chassis,83,2005,0,29
Chassis,83,2006,0,29
Chassis,83,2007,0,29
Chassis,83,2008,0,29
Chassis,83,2009,0,29
Chassis,83,2010,0,29
Chassis,83,2011,0,29
Chassis,83,2012,0,29
Chassis,83,2013,0,29
Chassis,83,2014,0,29
Chassis,83,2015,0,29
Chassis,83,2016,0,29
Chassis,83,2017,0,29
Chassis,83,2018,0,29
Chassis,83,2019,0,29
Chassis,83,2020,0,29
Chassis,83,2021,0,29
Chassis,83,2022,0,29
Battery,84,1950,0,0
Battery,84,1951,0,0
Battery,84,1952,0,0
Battery,84,1953,0,0
Battery,84,1954,0,0
Battery,84,1955,0,0
Battery,84,1956,0,0
Battery,84,1957,0,0
Battery,84,1958,0,0
Battery,84,1959,0,0
Battery,84,1960,0,0
Battery,84,1961,0,0
Battery,84,1962,1,1
Battery,84,1963,0,1
Battery,84,1964,1,2
Battery,84,1965,0,2
Battery,84,1966,0,2
Battery,84,1967,0,2
Battery,84,1968,0,2
Battery,84,1969,0,2
Battery,84,1970,0,2
Battery,84,1971,0,2
Battery,84,1972,0,2
Battery,84,1973,0,2
Battery,84,1974,0,2
Battery,84,1975,0,2
Battery,84,1976,0,2
Battery,84,1977,0,2
Battery,84,1978,0,2
Battery,84,1979,0,2
Battery,84,1980,0,2
Battery,84,1981,0,2
Battery,84,1982,0,2
Battery,84,1983,1,3
Battery,84,1984,2,5
Battery,84,1985,0,5
Battery,84,1986,2,7
Battery,84,1987,0,7
Battery,84,1988,0,7
Battery,84,1989,0,7
Battery,84,1990,3,10
Battery,84,1991,0,10
Battery,84,1992,0,10
Battery,84,1993,0,10
Battery,84,1994,0,10
Battery,84,1995,1,11
Battery,84,1996,0,11
Battery,84,1997,0,11
Battery,84,1998,0,11
Battery,84,1999,0,11
Battery,84,2000,0,11
Battery,84,2001,1,12
Battery,84,2002,0,12
Battery,84,2003,0,12
Battery,84,2004,0,12
Battery,84,2005,0,12
Battery,84,2006,0,12
Battery,84,2007,0,12
Battery,84,2008,0,12
Battery,84,2009,0,12
Battery,84,2010,0,12
Battery,84,2011,0,12
Battery,84,2012,0,12
Battery,84,2013,0,12
Battery,84,2014,0,12
Battery,84,2015,0,12
Battery,84,2016,2,14
Battery,84,2017,2,16
Battery,84,2018,1,17
Battery,84,2019,0,17
Battery,84,2020,0,17
Battery,84,2021,0,17
Battery,84,2022,0,17
Stalled,85,1950,1,1
Stalled,85,1951,0,1
Stalled,85,1952,0,1
Stalled,85,1953,0,1
Stalled,85,1954,0,1
Stalled,85,1955,0,1
Stalled,85,1956,0,1
Stalled,85,1957,0,1
Stalled,85,1958,0,1
Stalled,85,1959,0,1
Stalled,85,1960,0,1
Stalled,85,1961,0,1
Stalled,85,1962,0,1
Stalled,85,1963,0,1
Stalled,85,1964,0,1
Stalled,85,1965,0,1
Stalled,85,1966,0,1
Stalled,85,1967,0,1
Stalled,85,1968,0,1
Stalled,85,1969,0,1
Stalled,85,1970,0,1
Stalled,85,1971,0,1
Stalled,85,1972,0,1
Stalled,85,1973,0,1
Stalled,85,1974,0,1
Stalled,85,1975,0,1
Stalled,85,1976,0,1
Stalled,85,1977,0,1
Stalled,85,1978,0,1
Stalled,85,1979,0,1
Stalled,85,1980,0,1
Stalled,85,1981,0,1
Stalled,85,1982,0,1
Stalled,85,1983,0,1
Stalled,85,1984,0,1
Stalled,85,1985,0,1
Stalled,85,1986,0,1
Stalled,85,1987,0,1
Stalled,85,1988,0,1
Stalled,85,1989,0,1
Stalled,85,1990,0,1
Stalled,85,1991,0,1
Stalled,85,1992,0,1
Stalled,85,1993,0,1
Stalled,85,1994,0,1
Stalled,85,1995,0,1
Stalled,85,1996,0,1
Stalled,85,1997,0,1
Stalled,85,1998,0,1
Stalled,85,1999,0,1
Stalled,85,2000,0,1
Stalled,85,2001,1,2
Stalled,85,2002,0,2
Stalled,85,2003,0,2
Stalled,85,2004,0,2
Stalled,85,2005,0,2
Stalled,85,2006,0,2
Stalled,85,2007,0,2
Stalled,85,2008,0,2
Stalled,85,2009,0,2
Stalled,85,2010,0,2
Stalled,85,2011,0,2
Stalled,85,2012,0,2
Stalled,85,2013,0,2
Stalled,85,2014,0,2
Stalled,85,2015,0,2
Stalled,85,2016,0,2
Stalled,85,2017,0,2
Stalled,85,2018,0,2
Stalled,85,2019,0,2
Stalled,85,2020,0,2
Stalled,85,2021,0,2
Stalled,85,2022,0,2
Halfshaft,86,1950,0,0
Halfshaft,86,1951,0,0
Halfshaft,86,1952,3,3
Halfshaft,86,1953,1,4
Halfshaft,86,1954,1,5
Halfshaft,86,1955,0,5
Halfshaft,86,1956,1,6
Halfshaft,86,1957,1,7
Halfshaft,86,1958,5,12
Halfshaft,86,1959,0,12
Halfshaft,86,1960,0,12
Halfshaft,86,1961,0,12
Halfshaft,86,1962,1,13
Halfshaft,86,1963,2,15
Halfshaft,86,1964,2,17
Halfshaft,86,1965,2,19
Halfshaft,86,1966,0,19
Halfshaft,86,1967,3,22
Halfshaft,86,1968,7,29
Halfshaft,86,1969,7,36
Halfshaft,86,1970,1,37
Halfshaft,86,1971,1,38
Halfshaft,86,1972,3,41
Halfshaft,86,1973,9,50
Halfshaft,86,1974,4,54
Halfshaft,86,1975,0,54
Halfshaft,86,1976,6,60
Halfshaft,86,1977,0,60
Halfshaft,86,1978,0,60
Halfshaft,86,1979,0,60
Halfshaft,86,1980,1,61
Halfshaft,86,1981,1,62
Halfshaft,86,1982,3,65
Halfshaft,86,1983,2,67
Halfshaft,86,1984,0,67
Halfshaft,86,1985,0,67
Halfshaft,86,1986,3,70
Halfshaft,86,1987,2,72
Halfshaft,86,1988,7,79
Halfshaft,86,1989,2,81
Halfshaft,86,1990,1,82
Halfshaft,86,1991,0,82
Halfshaft,86,1992,0,82
Halfshaft,86,1993,2,84
Halfshaft,86,1994,1,85
Halfshaft,86,1995,3,88
Halfshaft,86,1996,1,89
Halfshaft,86,1997,2,91
Halfshaft,86,1998,1,92
Halfshaft,86,1999,4,96
Halfshaft,86,2000,1,97
Halfshaft,86,2001,2,99
Halfshaft,86,2002,0,99
Halfshaft,86,2003,0,99
Halfshaft,86,2004,0,99
Halfshaft,86,2005,0,99
Halfshaft,86,2006,0,99
Halfshaft,86,2007,0,99
Halfshaft,86,2008,0,99
Halfshaft,86,2009,0,99
Halfshaft,86,2010,0,99
Halfshaft,86,2011,0,99
Halfshaft,86,2012,0,99
Halfshaft,86,2013,0,99
Halfshaft,86,2014,0,99
Halfshaft,86,2015,0,99
Halfshaft,86,2016,0,99
Halfshaft,86,2017,0,99
Halfshaft,86,2018,0,99
Halfshaft,86,2019,0,99
Halfshaft,86,2020,0,99
Halfshaft,86,2021,0,99
Halfshaft,86,2022,0,99
Crankshaft,87,1950,0,0
Crankshaft,87,1951,0,0
Crankshaft,87,1952,0,0
Crankshaft,87,1953,0,0
Crankshaft,87,1954,0,0
Crankshaft,87,1955,0,0
Crankshaft,87,1956,0,0
Crankshaft,87,1957,0,0
Crankshaft,87,1958,0,0
Crankshaft,87,1959,0,0
Crankshaft,87,1960,0,0
Crankshaft,87,1961,0,0
Crankshaft,87,1962,0,0
Crankshaft,87,1963,0,0
Crankshaft,87,1964,0,0
Crankshaft,87,1965,0,0
Crankshaft,87,1966,0,0
Crankshaft,87,1967,0,0
Crankshaft,87,1968,0,0
Crankshaft,87,1969,0,0
Crankshaft,87,1970,0,0
Crankshaft,87,1971,0,0
Crankshaft,87,1972,0,0
Crankshaft,87,1973,0,0
Crankshaft,87,1974,0,0
Crankshaft,87,1975,0,0
Crankshaft,87,1976,0,0
Crankshaft,87,1977,0,0
Crankshaft,87,1978,0,0
Crankshaft,87,1979,0,0
Crankshaft,87,1980,0,0
Crankshaft,87,1981,0,0
Crankshaft,87,1982,0,0
Crankshaft,87,1983,0,0
Crankshaft,87,1984,0,0
Crankshaft,87,1985,0,0
Crankshaft,87,1986,0,0
Crankshaft,87,1987,0,0
Crankshaft,87,1988,0,0
Crankshaft,87,1989,0,0
Crankshaft,87,1990,0,0
Crankshaft,87,1991,0,0
Crankshaft,87,1992,0,0
Crankshaft,87,1993,0,0
Crankshaft,87,1994,0,0
Crankshaft,87,1995,0,0
Crankshaft,87,1996,0,0
Crankshaft,87,1997,0,0
Crankshaft,87,1998,0,0
Crankshaft,87,1999,0,0
Crankshaft,87,2000,0,0
Crankshaft,87,2001,1,1
Crankshaft,87,2002,0,1
Crankshaft,87,2003,0,1
Crankshaft,87,2004,0,1
Crankshaft,87,2005,0,1
Crankshaft,87,2006,0,1
Crankshaft,87,2007,0,1
Crankshaft,87,2008,0,1
Crankshaft,87,2009,0,1
Crankshaft,87,2010,0,1
Crankshaft,87,2011,0,1
Crankshaft,87,2012,0,1
Crankshaft,87,2013,0,1
Crankshaft,87,2014,0,1
Crankshaft,87,2015,0,1
Crankshaft,87,2016,0,1
Crankshaft,87,2017,0,1
Crankshaft,87,2018,0,1
Crankshaft,87,2019,0,1
Crankshaft,87,2020,0,1
Crankshaft,87,2021,0,1
Crankshaft,87,2022,0,1
+10 Laps,88,1950,3,3
+10 Laps,88,1951,2,5
+10 Laps,88,1952,1,6
+10 Laps,88,1953,7,13
+10 Laps,88,1954,1,14
+10 Laps,88,1955,1,15
+10 Laps,88,1956,2,17
+10 Laps,88,1957,1,18
+10 Laps,88,1958,0,18
+10 Laps,88,1959,2,20
+10 Laps,88,1960,1,21
+10 Laps,88,1961,2,23
+10 Laps,88,1962,3,26
+10 Laps,88,1963,0,26
+10 Laps,88,1964,1,27
+10 Laps,88,1965,2,29
+10 Laps,88,1966,0,29
+10 Laps,88,1967,0,29
+10 Laps,88,1968,0,29
+10 Laps,88,1969,1,30
+10 Laps,88,1970,0,30
+10 Laps,88,1971,0,30
+10 Laps,88,1972,0,30
+10 Laps,88,1973,0,30
+10 Laps,88,1974,0,30
+10 Laps,88,1975,0,30
+10 Laps,88,1976,0,30
+10 Laps,88,1977,0,30
+10 Laps,88,1978,0,30
+10 Laps,88,1979,0,30
+10 Laps,88,1980,0,30
+10 Laps,88,1981,0,30
+10 Laps,88,1982,0,30
+10 Laps,88,1983,0,30
+10 Laps,88,1984,0,30
+10 Laps,88,1985,0,30
+10 Laps,88,1986,0,30
+10 Laps,88,1987,0,30
+10 Laps,88,1988,0,30
+10 Laps,88,1989,0,30
+10 Laps,88,1990,0,30
+10 Laps,88,1991,0,30
+10 Laps,88,1992,0,30
+10 Laps,88,1993,0,30
+10 Laps,88,1994,0,30
+10 Laps,88,1995,0,30
+10 Laps,88,1996,0,30
+10 Laps,88,1997,0,30
+10 Laps,88,1998,0,30
+10 Laps,88,1999,0,30
+10 Laps,88,2000,0,30
+10 Laps,88,2001,0,30
+10 Laps,88,2002,0,30
+10 Laps,88,2003,0,30
+10 Laps,88,2004,0,30
+10 Laps,88,2005,0,30
+10 Laps,88,2006,0,30
+10 Laps,88,2007,0,30
+10 Laps,88,2008,0,30
+10 Laps,88,2009,0,30
+10 Laps,88,2010,1,31
+10 Laps,88,2011,1,32
+10 Laps,88,2012,0,32
+10 Laps,88,2013,0,32
+10 Laps,88,2014,0,32
+10 Laps,88,2015,0,32
+10 Laps,88,2016,0,32
+10 Laps,88,2017,0,32
+10 Laps,88,2018,0,32
+10 Laps,88,2019,0,32
+10 Laps,88,2020,0,32
+10 Laps,88,2021,0,32
+10 Laps,88,2022,0,32
Safety concerns,89,1950,0,0
Safety concerns,89,1951,0,0
Safety concerns,89,1952,0,0
Safety concerns,89,1953,0,0
Safety concerns,89,1954,0,0
Safety concerns,89,1955,0,0
Safety concerns,89,1956,0,0
Safety concerns,89,1957,0,0
Safety concerns,89,1958,0,0
Safety concerns,89,1959,0,0
Safety concerns,89,1960,0,0
Safety concerns,89,1961,0,0
Safety concerns,89,1962,0,0
Safety concerns,89,1963,0,0
Safety concerns,89,1964,0,0
Safety concerns,89,1965,0,0
Safety concerns,89,1966,0,0
Safety concerns,89,1967,0,0
Safety concerns,89,1968,0,0
Safety concerns,89,1969,0,0
Safety concerns,89,1970,0,0
Safety concerns,89,1971,0,0
Safety concerns,89,1972,0,0
Safety concerns,89,1973,0,0
Safety concerns,89,1974,0,0
Safety concerns,89,1975,0,0
Safety concerns,89,1976,0,0
Safety concerns,89,1977,0,0
Safety concerns,89,1978,0,0
Safety concerns,89,1979,0,0
Safety concerns,89,1980,0,0
Safety concerns,89,1981,0,0
Safety concerns,89,1982,0,0
Safety concerns,89,1983,0,0
Safety concerns,89,1984,0,0
Safety concerns,89,1985,0,0
Safety concerns,89,1986,0,0
Safety concerns,89,1987,0,0
Safety concerns,89,1988,0,0
Safety concerns,89,1989,0,0
Safety concerns,89,1990,0,0
Safety concerns,89,1991,0,0
Safety concerns,89,1992,0,0
Safety concerns,89,1993,0,0
Safety concerns,89,1994,0,0
Safety concerns,89,1995,0,0
Safety concerns,89,1996,0,0
Safety concerns,89,1997,0,0
Safety concerns,89,1998,0,0
Safety concerns,89,1999,0,0
Safety concerns,89,2000,2,2
Safety concerns,89,2001,0,2
Safety concerns,89,2002,0,2
Safety concerns,89,2003,0,2
Safety concerns,89,2004,0,2
Safety concerns,89,2005,0,2
Safety concerns,89,2006,0,2
Safety concerns,89,2007,0,2
Safety concerns,89,2008,0,2
Safety concerns,89,2009,0,2
Safety concerns,89,2010,0,2
Safety concerns,89,2011,0,2
Safety concerns,89,2012,0,2
Safety concerns,89,2013,0,2
Safety concerns,89,2014,0,2
Safety concerns,89,2015,0,2
Safety concerns,89,2016,0,2
Safety concerns,89,2017,0,2
Safety concerns,89,2018,0,2
Safety concerns,89,2019,0,2
Safety concerns,89,2020,0,2
Safety concerns,89,2021,0,2
Safety concerns,89,2022,0,2
Not restarted,90,1950,0,0
Not restarted,90,1951,0,0
Not restarted,90,1952,0,0
Not restarted,90,1953,0,0
Not restarted,90,1954,0,0
Not restarted,90,1955,0,0
Not restarted,90,1956,0,0
Not restarted,90,1957,0,0
Not restarted,90,1958,0,0
Not restarted,90,1959,0,0
Not restarted,90,1960,0,0
Not restarted,90,1961,0,0
Not restarted,90,1962,0,0
Not restarted,90,1963,0,0
Not restarted,90,1964,0,0
Not restarted,90,1965,0,0
Not restarted,90,1966,0,0
Not restarted,90,1967,0,0
Not restarted,90,1968,0,0
Not restarted,90,1969,0,0
Not restarted,90,1970,0,0
Not restarted,90,1971,0,0
Not restarted,90,1972,0,0
Not restarted,90,1973,0,0
Not restarted,90,1974,0,0
Not restarted,90,1975,0,0
Not restarted,90,1976,0,0
Not restarted,90,1977,0,0
Not restarted,90,1978,0,0
Not restarted,90,1979,0,0
Not restarted,90,1980,0,0
Not restarted,90,1981,0,0
Not restarted,90,1982,0,0
Not restarted,90,1983,0,0
Not restarted,90,1984,0,0
Not restarted,90,1985,0,0
Not restarted,90,1986,0,0
Not restarted,90,1987,0,0
Not restarted,90,1988,0,0
Not restarted,90,1989,0,0
Not restarted,90,1990,0,0
Not restarted,90,1991,0,0
Not restarted,90,1992,0,0
Not restarted,90,1993,0,0
Not restarted,90,1994,0,0
Not restarted,90,1995,0,0
Not restarted,90,1996,0,0
Not restarted,90,1997,0,0
Not restarted,90,1998,0,0
Not restarted,90,1999,0,0
Not restarted,90,2000,1,1
Not restarted,90,2001,0,1
Not restarted,90,2002,0,1
Not restarted,90,2003,0,1
Not restarted,90,2004,0,1
Not restarted,90,2005,0,1
Not restarted,90,2006,0,1
Not restarted,90,2007,0,1
Not restarted,90,2008,0,1
Not restarted,90,2009,0,1
Not restarted,90,2010,0,1
Not restarted,90,2011,0,1
Not restarted,90,2012,0,1
Not restarted,90,2013,0,1
Not restarted,90,2014,0,1
Not restarted,90,2015,0,1
Not restarted,90,2016,0,1
Not restarted,90,2017,0,1
Not restarted,90,2018,0,1
Not restarted,90,2019,0,1
Not restarted,90,2020,0,1
Not restarted,90,2021,0,1
Not restarted,90,2022,0,1
Alternator,91,1950,0,0
Alternator,91,1951,0,0
Alternator,91,1952,0,0
Alternator,91,1953,0,0
Alternator,91,1954,0,0
Alternator,91,1955,0,0
Alternator,91,1956,0,0
Alternator,91,1957,0,0
Alternator,91,1958,0,0
Alternator,91,1959,0,0
Alternator,91,1960,0,0
Alternator,91,1961,0,0
Alternator,91,1962,0,0
Alternator,91,1963,0,0
Alternator,91,1964,0,0
Alternator,91,1965,3,3
Alternator,91,1966,2,5
Alternator,91,1967,1,6
Alternator,91,1968,1,7
Alternator,91,1969,0,7
Alternator,91,1970,0,7
Alternator,91,1971,1,8
Alternator,91,1972,0,8
Alternator,91,1973,0,8
Alternator,91,1974,0,8
Alternator,91,1975,0,8
Alternator,91,1976,0,8
Alternator,91,1977,1,9
Alternator,91,1978,0,9
Alternator,91,1979,0,9
Alternator,91,1980,0,9
Alternator,91,1981,0,9
Alternator,91,1982,0,9
Alternator,91,1983,0,9
Alternator,91,1984,0,9
Alternator,91,1985,2,11
Alternator,91,1986,0,11
Alternator,91,1987,0,11
Alternator,91,1988,2,13
Alternator,91,1989,3,16
Alternator,91,1990,3,19
Alternator,91,1991,3,22
Alternator,91,1992,1,23
Alternator,91,1993,0,23
Alternator,91,1994,3,26
Alternator,91,1995,0,26
Alternator,91,1996,0,26
Alternator,91,1997,0,26
Alternator,91,1998,0,26
Alternator,91,1999,1,27
Alternator,91,2000,1,28
Alternator,91,2001,0,28
Alternator,91,2002,0,28
Alternator,91,2003,0,28
Alternator,91,2004,0,28
Alternator,91,2005,0,28
Alternator,91,2006,0,28
Alternator,91,2007,0,28
Alternator,91,2008,0,28
Alternator,91,2009,0,28
Alternator,91,2010,0,28
Alternator,91,2011,0,28
Alternator,91,2012,2,30
Alternator,91,2013,1,31
Alternator,91,2014,0,31
Alternator,91,2015,0,31
Alternator,91,2016,0,31
Alternator,91,2017,0,31
Alternator,91,2018,0,31
Alternator,91,2019,0,31
Alternator,91,2020,0,31
Alternator,91,2021,0,31
Alternator,91,2022,0,31
Underweight,92,1950,0,0
Underweight,92,1951,0,0
Underweight,92,1952,0,0
Underweight,92,1953,0,0
Underweight,92,1954,0,0
Underweight,92,1955,0,0
Underweight,92,1956,0,0
Underweight,92,1957,0,0
Underweight,92,1958,0,0
Underweight,92,1959,0,0
Underweight,92,1960,0,0
Underweight,92,1961,0,0
Underweight,92,1962,0,0
Underweight,92,1963,0,0
Underweight,92,1964,0,0
Underweight,92,1965,0,0
Underweight,92,1966,0,0
Underweight,92,1967,0,0
Underweight,92,1968,0,0
Underweight,92,1969,0,0
Underweight,92,1970,0,0
Underweight,92,1971,0,0
Underweight,92,1972,0,0
Underweight,92,1973,0,0
Underweight,92,1974,0,0
Underweight,92,1975,0,0
Underweight,92,1976,0,0
Underweight,92,1977,0,0
Underweight,92,1978,0,0
Underweight,92,1979,0,0
Underweight,92,1980,0,0
Underweight,92,1981,0,0
Underweight,92,1982,0,0
Underweight,92,1983,0,0
Underweight,92,1984,0,0
Underweight,92,1985,0,0
Underweight,92,1986,0,0
Underweight,92,1987,0,0
Underweight,92,1988,0,0
Underweight,92,1989,0,0
Underweight,92,1990,0,0
Underweight,92,1991,0,0
Underweight,92,1992,0,0
Underweight,92,1993,0,0
Underweight,92,1994,0,0
Underweight,92,1995,0,0
Underweight,92,1996,0,0
Underweight,92,1997,1,1
Underweight,92,1998,0,1
Underweight,92,1999,0,1
Underweight,92,2000,0,1
Underweight,92,2001,0,1
Underweight,92,2002,0,1
Underweight,92,2003,0,1
Underweight,92,2004,0,1
Underweight,92,2005,0,1
Underweight,92,2006,0,1
Underweight,92,2007,0,1
Underweight,92,2008,0,1
Underweight,92,2009,0,1
Underweight,92,2010,0,1
Underweight,92,2011,0,1
Underweight,92,2012,0,1
Underweight,92,2013,0,1
Underweight,92,2014,0,1
Underweight,92,2015,0,1
Underweight,92,2016,0,1
Underweight,92,2017,0,1
Underweight,92,2018,0,1
Underweight,92,2019,0,1
Underweight,92,2020,0,1
Underweight,92,2021,0,1
Underweight,92,2022,0,1
Safety belt,93,1950,0,0
Safety belt,93,1951,0,0
Safety belt,93,1952,0,0
Safety belt,93,1953,0,0
Safety belt,93,1954,0,0
Safety belt,93,1955,0,0
Safety belt,93,1956,0,0
Safety belt,93,1957,0,0
Safety belt,93,1958,0,0
Safety belt,93,1959,0,0
Safety belt,93,1960,0,0
Safety belt,93,1961,0,0
Safety belt,93,1962,0,0
Safety belt,93,1963,0,0
Safety belt,93,1964,0,0
Safety belt,93,1965,0,0
Safety belt,93,1966,0,0
Safety belt,93,1967,0,0
Safety belt,93,1968,0,0
Safety belt,93,1969,0,0
Safety belt,93,1970,0,0
Safety belt,93,1971,0,0
Safety belt,93,1972,0,0
Safety belt,93,1973,0,0
Safety belt,93,1974,0,0
Safety belt,93,1975,0,0
Safety belt,93,1976,0,0
Safety belt,93,1977,0,0
Safety belt,93,1978,0,0
Safety belt,93,1979,0,0
Safety belt,93,1980,0,0
Safety belt,93,1981,0,0
Safety belt,93,1982,0,0
Safety belt,93,1983,0,0
Safety belt,93,1984,0,0
Safety belt,93,1985,0,0
Safety belt,93,1986,0,0
Safety belt,93,1987,0,0
Safety belt,93,1988,0,0
Safety belt,93,1989,0,0
Safety belt,93,1990,0,0
Safety belt,93,1991,0,0
Safety belt,93,1992,0,0
Safety belt,93,1993,0,0
Safety belt,93,1994,0,0
Safety belt,93,1995,0,0
Safety belt,93,1996,1,1
Safety belt,93,1997,0,1
Safety belt,93,1998,0,1
Safety belt,93,1999,0,1
Safety belt,93,2000,0,1
Safety belt,93,2001,0,1
Safety belt,93,2002,0,1
Safety belt,93,2003,0,1
Safety belt,93,2004,0,1
Safety belt,93,2005,0,1
Safety belt,93,2006,0,1
Safety belt,93,2007,0,1
Safety belt,93,2008,0,1
Safety belt,93,2009,0,1
Safety belt,93,2010,0,1
Safety belt,93,2011,0,1
Safety belt,93,2012,0,1
Safety belt,93,2013,0,1
Safety belt,93,2014,0,1
Safety belt,93,2015,0,1
Safety belt,93,2016,0,1
Safety belt,93,2017,0,1
Safety belt,93,2018,0,1
Safety belt,93,2019,0,1
Safety belt,93,2020,0,1
Safety belt,93,2021,0,1
Safety belt,93,2022,0,1
Oil pump,94,1950,1,1
Oil pump,94,1951,2,3
Oil pump,94,1952,1,4
Oil pump,94,1953,0,4
Oil pump,94,1954,3,7
Oil pump,94,1955,0,7
Oil pump,94,1956,0,7
Oil pump,94,1957,0,7
Oil pump,94,1958,0,7
Oil pump,94,1959,0,7
Oil pump,94,1960,0,7
Oil pump,94,1961,0,7
Oil pump,94,1962,0,7
Oil pump,94,1963,2,9
Oil pump,94,1964,0,9
Oil pump,94,1965,0,9
Oil pump,94,1966,0,9
Oil pump,94,1967,0,9
Oil pump,94,1968,0,9
Oil pump,94,1969,0,9
Oil pump,94,1970,0,9
Oil pump,94,1971,0,9
Oil pump,94,1972,0,9
Oil pump,94,1973,2,11
Oil pump,94,1974,0,11
Oil pump,94,1975,0,11
Oil pump,94,1976,1,12
Oil pump,94,1977,0,12
Oil pump,94,1978,0,12
Oil pump,94,1979,0,12
Oil pump,94,1980,0,12
Oil pump,94,1981,0,12
Oil pump,94,1982,0,12
Oil pump,94,1983,1,13
Oil pump,94,1984,0,13
Oil pump,94,1985,0,13
Oil pump,94,1986,0,13
Oil pump,94,1987,0,13
Oil pump,94,1988,0,13
Oil pump,94,1989,0,13
Oil pump,94,1990,0,13
Oil pump,94,1991,0,13
Oil pump,94,1992,0,13
Oil pump,94,1993,0,13
Oil pump,94,1994,0,13
Oil pump,94,1995,0,13
Oil pump,94,1996,1,14
Oil pump,94,1997,0,14
Oil pump,94,1998,0,14
Oil pump,94,1999,0,14
Oil pump,94,2000,0,14
Oil pump,94,2001,0,14
Oil pump,94,2002,0,14
Oil pump,94,2003,0,14
Oil pump,94,2004,0,14
Oil pump,94,2005,0,14
Oil pump,94,2006,0,14
Oil pump,94,2007,0,14
Oil pump,94,2008,0,14
Oil pump,94,2009,0,14
Oil pump,94,2010,0,14
Oil pump,94,2011,0,14
Oil pump,94,2012,0,14
Oil pump,94,2013,0,14
Oil pump,94,2014,0,14
Oil pump,94,2015,0,14
Oil pump,94,2016,0,14
Oil pump,94,2017,0,14
Oil pump,94,2018,0,14
Oil pump,94,2019,0,14
Oil pump,94,2020,0,14
Oil pump,94,2021,0,14
Oil pump,94,2022,0,14
Fuel leak,95,1950,0,0
Fuel leak,95,1951,1,1
Fuel leak,95,1952,1,2
Fuel leak,95,1953,1,3
Fuel leak,95,1954,2,5
Fuel leak,95,1955,2,7
Fuel leak,95,1956,1,8
Fuel leak,95,1957,4,12
Fuel leak,95,1958,0,12
Fuel leak,95,1959,1,13
Fuel leak,95,1960,0,13
Fuel leak,95,1961,1,14
Fuel leak,95,1962,1,15
Fuel leak,95,1963,0,15
Fuel leak,95,1964,1,16
Fuel leak,95,1965,1,17
Fuel leak,95,1966,2,19
Fuel leak,95,1967,1,20
Fuel leak,95,1968,3,23
Fuel leak,95,1969,4,27
Fuel leak,95,1970,2,29
Fuel leak,95,1971,3,32
Fuel leak,95,1972,1,33
Fuel leak,95,1973,1,34
Fuel leak,95,1974,3,37
Fuel leak,95,1975,0,37
Fuel leak,95,1976,0,37
Fuel leak,95,1977,2,39
Fuel leak,95,1978,0,39
Fuel leak,95,1979,1,40
Fuel leak,95,1980,0,40
Fuel leak,95,1981,1,41
Fuel leak,95,1982,0,41
Fuel leak,95,1983,0,41
Fuel leak,95,1984,1,42
Fuel leak,95,1985,0,42
Fuel leak,95,1986,0,42
Fuel leak,95,1987,1,43
Fuel leak,95,1988,1,44
Fuel leak,95,1989,1,45
Fuel leak,95,1990,1,46
Fuel leak,95,1991,2,48
Fuel leak,95,1992,0,48
Fuel leak,95,1993,0,48
Fuel leak,95,1994,0,48
Fuel leak,95,1995,1,49
Fuel leak,95,1996,0,49
Fuel leak,95,1997,0,49
Fuel leak,95,1998,0,49
Fuel leak,95,1999,0,49
Fuel leak,95,2000,0,49
Fuel leak,95,2001,0,49
Fuel leak,95,2002,0,49
Fuel leak,95,2003,0,49
Fuel leak,95,2004,0,49
Fuel leak,95,2005,0,49
Fuel leak,95,2006,0,49
Fuel leak,95,2007,0,49
Fuel leak,95,2008,0,49
Fuel leak,95,2009,0,49
Fuel leak,95,2010,0,49
Fuel leak,95,2011,0,49
Fuel leak,95,2012,0,49
Fuel leak,95,2013,0,49
Fuel leak,95,2014,0,49
Fuel leak,95,2015,0,49
Fuel leak,95,2016,0,49
Fuel leak,95,2017,0,49
Fuel leak,95,2018,0,49
Fuel leak,95,2019,0,49
Fuel leak,95,2020,0,49
Fuel leak,95,2021,0,49
Fuel leak,95,2022,0,49
Excluded,96,1950,0,0
Excluded,96,1951,0,0
Excluded,96,1952,0,0
Excluded,96,1953,0,0
Excluded,96,1954,0,0
Excluded,96,1955,0,0
Excluded,96,1956,0,0
Excluded,96,1957,0,0
Excluded,96,1958,0,0
Excluded,96,1959,0,0
Excluded,96,1960,0,0
Excluded,96,1961,0,0
Excluded,96,1962,0,0
Excluded,96,1963,0,0
Excluded,96,1964,0,0
Excluded,96,1965,0,0
Excluded,96,1966,0,0
Excluded,96,1967,0,0
Excluded,96,1968,0,0
Excluded,96,1969,0,0
Excluded,96,1970,0,0
Excluded,96,1971,0,0
Excluded,96,1972,0,0
Excluded,96,1973,0,0
Excluded,96,1974,0,0
Excluded,96,1975,0,0
Excluded,96,1976,0,0
Excluded,96,1977,0,0
Excluded,96,1978,0,0
Excluded,96,1979,0,0
Excluded,96,1980,0,0
Excluded,96,1981,0,0
Excluded,96,1982,0,0
Excluded,96,1983,0,0
Excluded,96,1984,0,0
Excluded,96,1985,0,0
Excluded,96,1986,0,0
Excluded,96,1987,2,2
Excluded,96,1988,4,6
Excluded,96,1989,0,6
Excluded,96,1990,0,6
Excluded,96,1991,0,6
Excluded,96,1992,1,7
Excluded,96,1993,0,7
Excluded,96,1994,0,7
Excluded,96,1995,0,7
Excluded,96,1996,0,7
Excluded,96,1997,0,7
Excluded,96,1998,0,7
Excluded,96,1999,0,7
Excluded,96,2000,0,7
Excluded,96,2001,0,7
Excluded,96,2002,0,7
Excluded,96,2003,0,7
Excluded,96,2004,0,7
Excluded,96,2005,0,7
Excluded,96,2006,0,7
Excluded,96,2007,0,7
Excluded,96,2008,0,7
Excluded,96,2009,0,7
Excluded,96,2010,0,7
Excluded,96,2011,0,7
Excluded,96,2012,0,7
Excluded,96,2013,0,7
Excluded,96,2014,0,7
Excluded,96,2015,1,8
Excluded,96,2016,0,8
Excluded,96,2017,0,8
Excluded,96,2018,0,8
Excluded,96,2019,0,8
Excluded,96,2020,0,8
Excluded,96,2021,0,8
Excluded,96,2022,0,8
Did not prequalify,97,1950,0,0
Did not prequalify,97,1951,0,0
Did not prequalify,97,1952,0,0
Did not prequalify,97,1953,0,0
Did not prequalify,97,1954,0,0
Did not prequalify,97,1955,0,0
Did not prequalify,97,1956,0,0
Did not prequalify,97,1957,0,0
Did not prequalify,97,1958,0,0
Did not prequalify,97,1959,0,0
Did not prequalify,97,1960,0,0
Did not prequalify,97,1961,0,0
Did not prequalify,97,1962,0,0
Did not prequalify,97,1963,0,0
Did not prequalify,97,1964,0,0
Did not prequalify,97,1965,3,3
Did not prequalify,97,1966,0,3
Did not prequalify,97,1967,0,3
Did not prequalify,97,1968,0,3
Did not prequalify,97,1969,0,3
Did not prequalify,97,1970,0,3
Did not prequalify,97,1971,0,3
Did not prequalify,97,1972,0,3
Did not prequalify,97,1973,0,3
Did not prequalify,97,1974,0,3
Did not prequalify,97,1975,0,3
Did not prequalify,97,1976,0,3
Did not prequalify,97,1977,6,9
Did not prequalify,97,1978,25,34
Did not prequalify,97,1979,1,35
Did not prequalify,97,1980,0,35
Did not prequalify,97,1981,0,35
Did not prequalify,97,1982,8,43
Did not prequalify,97,1983,2,45
Did not prequalify,97,1984,0,45
Did not prequalify,97,1985,0,45
Did not prequalify,97,1986,0,45
Did not prequalify,97,1987,0,45
Did not prequalify,97,1988,12,57
Did not prequalify,97,1989,142,199
Did not prequalify,97,1990,62,261
Did not prequalify,97,1991,59,320
Did not prequalify,97,1992,11,331
Did not prequalify,97,1993,0,331
Did not prequalify,97,1994,0,331
Did not prequalify,97,1995,0,331
Did not prequalify,97,1996,0,331
Did not prequalify,97,1997,0,331
Did not prequalify,97,1998,0,331
Did not prequalify,97,1999,0,331
Did not prequalify,97,2000,0,331
Did not prequalify,97,2001,0,331
Did not prequalify,97,2002,0,331
Did not prequalify,97,2003,0,331
Did not prequalify,97,2004,0,331
Did not prequalify,97,2005,0,331
Did not prequalify,97,2006,0,331
Did not prequalify,97,2007,0,331
Did not prequalify,97,2008,0,331
Did not prequalify,97,2009,0,331
Did not prequalify,97,2010,0,331
Did not prequalify,97,2011,0,331
Did not prequalify,97,2012,0,331
Did not prequalify,97,2013,0,331
Did not prequalify,97,2014,0,331
Did not prequalify,97,2015,0,331
Did not prequalify,97,2016,0,331
Did not prequalify,97,2017,0,331
Did not prequalify,97,2018,0,331
Did not prequalify,97,2019,0,331
Did not prequalify,97,2020,0,331
Did not prequalify,97,2021,0,331
Did not prequalify,97,2022,0,331
Injection,98,1950,0,0
Injection,98,1951,0,0
Injection,98,1952,0,0
Injection,98,1953,0,0
Injection,98,1954,1,1
Injection,98,1955,1,2
Injection,98,1956,0,2
Injection,98,1957,0,2
Injection,98,1958,0,2
Injection,98,1959,0,2
Injection,98,1960,0,2
Injection,98,1961,1,3
Injection,98,1962,0,3
Injection,98,1963,3,6
Injection,98,1964,4,10
Injection,98,1965,1,11
Injection,98,1966,0,11
Injection,98,1967,4,15
Injection,98,1968,0,15
Injection,98,1969,0,15
Injection,98,1970,0,15
Injection,98,1971,1,16
Injection,98,1972,3,19
Injection,98,1973,1,20
Injection,98,1974,0,20
Injection,98,1975,1,21
Injection,98,1976,0,21
Injection,98,1977,0,21
Injection,98,1978,0,21
Injection,98,1979,2,23
Injection,98,1980,0,23
Injection,98,1981,0,23
Injection,98,1982,5,28
Injection,98,1983,1,29
Injection,98,1984,2,31
Injection,98,1985,1,32
Injection,98,1986,1,33
Injection,98,1987,1,34
Injection,98,1988,1,35
Injection,98,1989,0,35
Injection,98,1990,0,35
Injection,98,1991,1,36
Injection,98,1992,0,36
Injection,98,1993,0,36
Injection,98,1994,0,36
Injection,98,1995,0,36
Injection,98,1996,0,36
Injection,98,1997,0,36
Injection,98,1998,0,36
Injection,98,1999,0,36
Injection,98,2000,0,36
Injection,98,2001,0,36
Injection,98,2002,0,36
Injection,98,2003,0,36
Injection,98,2004,0,36
Injection,98,2005,0,36
Injection,98,2006,0,36
Injection,98,2007,0,36
Injection,98,2008,0,36
Injection,98,2009,0,36
Injection,98,2010,0,36
Injection,98,2011,0,36
Injection,98,2012,0,36
Injection,98,2013,0,36
Injection,98,2014,0,36
Injection,98,2015,0,36
Injection,98,2016,0,36
Injection,98,2017,0,36
Injection,98,2018,0,36
Injection,98,2019,0,36
Injection,98,2020,0,36
Injection,98,2021,0,36
Injection,98,2022,0,36
Distributor,99,1950,0,0
Distributor,99,1951,0,0
Distributor,99,1952,0,0
Distributor,99,1953,0,0
Distributor,99,1954,0,0
Distributor,99,1955,0,0
Distributor,99,1956,0,0
Distributor,99,1957,1,1
Distributor,99,1958,0,1
Distributor,99,1959,0,1
Distributor,99,1960,0,1
Distributor,99,1961,0,1
Distributor,99,1962,0,1
Distributor,99,1963,0,1
Distributor,99,1964,1,2
Distributor,99,1965,0,2
Distributor,99,1966,0,2
Distributor,99,1967,0,2
Distributor,99,1968,0,2
Distributor,99,1969,1,3
Distributor,99,1970,0,3
Distributor,99,1971,0,3
Distributor,99,1972,0,3
Distributor,99,1973,0,3
Distributor,99,1974,0,3
Distributor,99,1975,0,3
Distributor,99,1976,0,3
Distributor,99,1977,0,3
Distributor,99,1978,2,5
Distributor,99,1979,0,5
Distributor,99,1980,0,5
Distributor,99,1981,3,8
Distributor,99,1982,0,8
Distributor,99,1983,3,11
Distributor,99,1984,2,13
Distributor,99,1985,0,13
Distributor,99,1986,0,13
Distributor,99,1987,0,13
Distributor,99,1988,0,13
Distributor,99,1989,0,13
Distributor,99,1990,1,14
Distributor,99,1991,0,14
Distributor,99,1992,0,14
Distributor,99,1993,0,14
Distributor,99,1994,0,14
Distributor,99,1995,0,14
Distributor,99,1996,0,14
Distributor,99,1997,0,14
Distributor,99,1998,0,14
Distributor,99,1999,0,14
Distributor,99,2000,0,14
Distributor,99,2001,0,14
Distributor,99,2002,0,14
Distributor,99,2003,0,14
Distributor,99,2004,0,14
Distributor,99,2005,0,14
Distributor,99,2006,0,14
Distributor,99,2007,0,14
Distributor,99,2008,0,14
Distributor,99,2009,0,14
Distributor,99,2010,0,14
Distributor,99,2011,0,14
Distributor,99,2012,0,14
Distributor,99,2013,0,14
Distributor,99,2014,0,14
Distributor,99,2015,0,14
Distributor,99,2016,0,14
Distributor,99,2017,0,14
Distributor,99,2018,0,14
Distributor,99,2019,0,14
Distributor,99,2020,0,14
Distributor,99,2021,0,14
Distributor,99,2022,0,14
Driver unwell,100,1950,0,0
Driver unwell,100,1951,0,0
Driver unwell,100,1952,0,0
Driver unwell,100,1953,0,0
Driver unwell,100,1954,0,0
Driver unwell,100,1955,0,0
Driver unwell,100,1956,0,0
Driver unwell,100,1957,0,0
Driver unwell,100,1958,0,0
Driver unwell,100,1959,0,0
Driver unwell,100,1960,0,0
Driver unwell,100,1961,0,0
Driver unwell,100,1962,0,0
Driver unwell,100,1963,0,0
Driver unwell,100,1964,2,2
Driver unwell,100,1965,1,3
Driver unwell,100,1966,0,3
Driver unwell,100,1967,0,3
Driver unwell,100,1968,0,3
Driver unwell,100,1969,0,3
Driver unwell,100,1970,0,3
Driver unwell,100,1971,0,3
Driver unwell,100,1972,0,3
Driver unwell,100,1973,0,3
Driver unwell,100,1974,0,3
Driver unwell,100,1975,0,3
Driver unwell,100,1976,0,3
Driver unwell,100,1977,0,3
Driver unwell,100,1978,1,4
Driver unwell,100,1979,0,4
Driver unwell,100,1980,0,4
Driver unwell,100,1981,0,4
Driver unwell,100,1982,1,5
Driver unwell,100,1983,1,6
Driver unwell,100,1984,0,6
Driver unwell,100,1985,1,7
Driver unwell,100,1986,0,7
Driver unwell,100,1987,0,7
Driver unwell,100,1988,3,10
Driver unwell,100,1989,0,10
Driver unwell,100,1990,0,10
Driver unwell,100,1991,0,10
Driver unwell,100,1992,0,10
Driver unwell,100,1993,0,10
Driver unwell,100,1994,0,10
Driver unwell,100,1995,0,10
Driver unwell,100,1996,0,10
Driver unwell,100,1997,0,10
Driver unwell,100,1998,0,10
Driver unwell,100,1999,0,10
Driver unwell,100,2000,0,10
Driver unwell,100,2001,0,10
Driver unwell,100,2002,0,10
Driver unwell,100,2003,0,10
Driver unwell,100,2004,0,10
Driver unwell,100,2005,0,10
Driver unwell,100,2006,0,10
Driver unwell,100,2007,0,10
Driver unwell,100,2008,0,10
Driver unwell,100,2009,0,10
Driver unwell,100,2010,0,10
Driver unwell,100,2011,0,10
Driver unwell,100,2012,0,10
Driver unwell,100,2013,0,10
Driver unwell,100,2014,0,10
Driver unwell,100,2015,0,10
Driver unwell,100,2016,0,10
Driver unwell,100,2017,0,10
Driver unwell,100,2018,0,10
Driver unwell,100,2019,0,10
Driver unwell,100,2020,0,10
Driver unwell,100,2021,0,10
Driver unwell,100,2022,0,10
Turbo,101,1950,0,0
Turbo,101,1951,0,0
Turbo,101,1952,1,1
Turbo,101,1953,0,1
Turbo,101,1954,0,1
Turbo,101,1955,0,1
Turbo,101,1956,0,1
Turbo,101,1957,1,2
Turbo,101,1958,0,2
Turbo,101,1959,0,2
Turbo,101,1960,0,2
Turbo,101,1961,0,2
Turbo,101,1962,0,2
Turbo,101,1963,0,2
Turbo,101,1964,0,2
Turbo,101,1965,0,2
Turbo,101,1966,0,2
Turbo,101,1967,0,2
Turbo,101,1968,0,2
Turbo,101,1969,0,2
Turbo,101,1970,0,2
Turbo,101,1971,0,2
Turbo,101,1972,0,2
Turbo,101,1973,0,2
Turbo,101,1974,0,2
Turbo,101,1975,0,2
Turbo,101,1976,0,2
Turbo,101,1977,1,3
Turbo,101,1978,2,5
Turbo,101,1979,4,9
Turbo,101,1980,1,10
Turbo,101,1981,2,12
Turbo,101,1982,5,17
Turbo,101,1983,15,32
Turbo,101,1984,30,62
Turbo,101,1985,25,87
Turbo,101,1986,25,112
Turbo,101,1987,27,139
Turbo,101,1988,1,140
Turbo,101,1989,0,140
Turbo,101,1990,0,140
Turbo,101,1991,0,140
Turbo,101,1992,0,140
Turbo,101,1993,0,140
Turbo,101,1994,0,140
Turbo,101,1995,0,140
Turbo,101,1996,0,140
Turbo,101,1997,0,140
Turbo,101,1998,0,140
Turbo,101,1999,0,140
Turbo,101,2000,0,140
Turbo,101,2001,0,140
Turbo,101,2002,0,140
Turbo,101,2003,0,140
Turbo,101,2004,0,140
Turbo,101,2005,0,140
Turbo,101,2006,0,140
Turbo,101,2007,0,140
Turbo,101,2008,0,140
Turbo,101,2009,0,140
Turbo,101,2010,0,140
Turbo,101,2011,0,140
Turbo,101,2012,0,140
Turbo,101,2013,0,140
Turbo,101,2014,2,142
Turbo,101,2015,1,143
Turbo,101,2016,0,143
Turbo,101,2017,0,143
Turbo,101,2018,1,144
Turbo,101,2019,0,144
Turbo,101,2020,0,144
Turbo,101,2021,1,145
Turbo,101,2022,0,145
CV joint,102,1950,0,0
CV joint,102,1951,0,0
CV joint,102,1952,0,0
CV joint,102,1953,0,0
CV joint,102,1954,0,0
CV joint,102,1955,0,0
CV joint,102,1956,0,0
CV joint,102,1957,0,0
CV joint,102,1958,0,0
CV joint,102,1959,0,0
CV joint,102,1960,0,0
CV joint,102,1961,0,0
CV joint,102,1962,0,0
CV joint,102,1963,0,0
CV joint,102,1964,0,0
CV joint,102,1965,0,0
CV joint,102,1966,0,0
CV joint,102,1967,0,0
CV joint,102,1968,0,0
CV joint,102,1969,0,0
CV joint,102,1970,0,0
CV joint,102,1971,0,0
CV joint,102,1972,0,0
CV joint,102,1973,0,0
CV joint,102,1974,0,0
CV joint,102,1975,0,0
CV joint,102,1976,0,0
CV joint,102,1977,0,0
CV joint,102,1978,0,0
CV joint,102,1979,0,0
CV joint,102,1980,0,0
CV joint,102,1981,0,0
CV joint,102,1982,0,0
CV joint,102,1983,0,0
CV joint,102,1984,0,0
CV joint,102,1985,1,1
CV joint,102,1986,0,1
CV joint,102,1987,0,1
CV joint,102,1988,0,1
CV joint,102,1989,0,1
CV joint,102,1990,0,1
CV joint,102,1991,0,1
CV joint,102,1992,0,1
CV joint,102,1993,0,1
CV joint,102,1994,0,1
CV joint,102,1995,0,1
CV joint,102,1996,0,1
CV joint,102,1997,0,1
CV joint,102,1998,0,1
CV joint,102,1999,0,1
CV joint,102,2000,0,1
CV joint,102,2001,0,1
CV joint,102,2002,0,1
CV joint,102,2003,0,1
CV joint,102,2004,0,1
CV joint,102,2005,0,1
CV joint,102,2006,0,1
CV joint,102,2007,0,1
CV joint,102,2008,0,1
CV joint,102,2009,0,1
CV joint,102,2010,0,1
CV joint,102,2011,0,1
CV joint,102,2012,0,1
CV joint,102,2013,0,1
CV joint,102,2014,0,1
CV joint,102,2015,0,1
CV joint,102,2016,0,1
CV joint,102,2017,0,1
CV joint,102,2018,0,1
CV joint,102,2019,0,1
CV joint,102,2020,0,1
CV joint,102,2021,0,1
CV joint,102,2022,0,1
Water pump,103,1950,0,0
Water pump,103,1951,0,0
Water pump,103,1952,0,0
Water pump,103,1953,0,0
Water pump,103,1954,0,0
Water pump,103,1955,0,0
Water pump,103,1956,0,0
Water pump,103,1957,1,1
Water pump,103,1958,0,1
Water pump,103,1959,0,1
Water pump,103,1960,0,1
Water pump,103,1961,0,1
Water pump,103,1962,0,1
Water pump,103,1963,1,2
Water pump,103,1964,0,2
Water pump,103,1965,0,2
Water pump,103,1966,0,2
Water pump,103,1967,0,2
Water pump,103,1968,1,3
Water pump,103,1969,0,3
Water pump,103,1970,0,3
Water pump,103,1971,0,3
Water pump,103,1972,0,3
Water pump,103,1973,0,3
Water pump,103,1974,0,3
Water pump,103,1975,0,3
Water pump,103,1976,0,3
Water pump,103,1977,0,3
Water pump,103,1978,0,3
Water pump,103,1979,1,4
Water pump,103,1980,0,4
Water pump,103,1981,0,4
Water pump,103,1982,0,4
Water pump,103,1983,0,4
Water pump,103,1984,2,6
Water pump,103,1985,0,6
Water pump,103,1986,0,6
Water pump,103,1987,0,6
Water pump,103,1988,0,6
Water pump,103,1989,0,6
Water pump,103,1990,0,6
Water pump,103,1991,0,6
Water pump,103,1992,0,6
Water pump,103,1993,0,6
Water pump,103,1994,0,6
Water pump,103,1995,0,6
Water pump,103,1996,0,6
Water pump,103,1997,0,6
Water pump,103,1998,0,6
Water pump,103,1999,0,6
Water pump,103,2000,0,6
Water pump,103,2001,0,6
Water pump,103,2002,0,6
Water pump,103,2003,0,6
Water pump,103,2004,0,6
Water pump,103,2005,0,6
Water pump,103,2006,0,6
Water pump,103,2007,0,6
Water pump,103,2008,0,6
Water pump,103,2009,0,6
Water pump,103,2010,0,6
Water pump,103,2011,0,6
Water pump,103,2012,0,6
Water pump,103,2013,0,6
Water pump,103,2014,0,6
Water pump,103,2015,0,6
Water pump,103,2016,0,6
Water pump,103,2017,0,6
Water pump,103,2018,0,6
Water pump,103,2019,0,6
Water pump,103,2020,0,6
Water pump,103,2021,0,6
Water pump,103,2022,0,6
Fatal accident,104,1950,0,0
Fatal accident,104,1951,0,0
Fatal accident,104,1952,0,0
Fatal accident,104,1953,0,0
Fatal accident,104,1954,0,0
Fatal accident,104,1955,0,0
Fatal accident,104,1956,0,0
Fatal accident,104,1957,0,0
Fatal accident,104,1958,0,0
Fatal accident,104,1959,0,0
Fatal accident,104,1960,0,0
Fatal accident,104,1961,0,0
Fatal accident,104,1962,0,0
Fatal accident,104,1963,0,0
Fatal accident,104,1964,0,0
Fatal accident,104,1965,0,0
Fatal accident,104,1966,0,0
Fatal accident,104,1967,0,0
Fatal accident,104,1968,0,0
Fatal accident,104,1969,0,0
Fatal accident,104,1970,1,1
Fatal accident,104,1971,0,1
Fatal accident,104,1972,0,1
Fatal accident,104,1973,0,1
Fatal accident,104,1974,1,2
Fatal accident,104,1975,0,2
Fatal accident,104,1976,0,2
Fatal accident,104,1977,0,2
Fatal accident,104,1978,0,2
Fatal accident,104,1979,0,2
Fatal accident,104,1980,0,2
Fatal accident,104,1981,0,2
Fatal accident,104,1982,1,3
Fatal accident,104,1983,0,3
Fatal accident,104,1984,0,3
Fatal accident,104,1985,0,3
Fatal accident,104,1986,0,3
Fatal accident,104,1987,0,3
Fatal accident,104,1988,0,3
Fatal accident,104,1989,0,3
Fatal accident,104,1990,0,3
Fatal accident,104,1991,0,3
Fatal accident,104,1992,0,3
Fatal accident,104,1993,0,3
Fatal accident,104,1994,0,3
Fatal accident,104,1995,0,3
Fatal accident,104,1996,0,3
Fatal accident,104,1997,0,3
Fatal accident,104,1998,0,3
Fatal accident,104,1999,0,3
Fatal accident,104,2000,0,3
Fatal accident,104,2001,0,3
Fatal accident,104,2002,0,3
Fatal accident,104,2003,0,3
Fatal accident,104,2004,0,3
Fatal accident,104,2005,0,3
Fatal accident,104,2006,0,3
Fatal accident,104,2007,0,3
Fatal accident,104,2008,0,3
Fatal accident,104,2009,0,3
Fatal accident,104,2010,0,3
Fatal accident,104,2011,0,3
Fatal accident,104,2012,0,3
Fatal accident,104,2013,0,3
Fatal accident,104,2014,0,3
Fatal accident,104,2015,0,3
Fatal accident,104,2016,0,3
Fatal accident,104,2017,0,3
Fatal accident,104,2018,0,3
Fatal accident,104,2019,0,3
Fatal accident,104,2020,0,3
Fatal accident,104,2021,0,3
Fatal accident,104,2022,0,3
Spark plugs,105,1950,0,0
Spark plugs,105,1951,0,0
Spark plugs,105,1952,0,0
Spark plugs,105,1953,0,0
Spark plugs,105,1954,0,0
Spark plugs,105,1955,0,0
Spark plugs,105,1956,0,0
Spark plugs,105,1957,0,0
Spark plugs,105,1958,0,0
Spark plugs,105,1959,0,0
Spark plugs,105,1960,0,0
Spark plugs,105,1961,0,0
Spark plugs,105,1962,0,0
Spark plugs,105,1963,0,0
Spark plugs,105,1964,0,0
Spark plugs,105,1965,0,0
Spark plugs,105,1966,0,0
Spark plugs,105,1967,0,0
Spark plugs,105,1968,0,0
Spark plugs,105,1969,0,0
Spark plugs,105,1970,0,0
Spark plugs,105,1971,0,0
Spark plugs,105,1972,0,0
Spark plugs,105,1973,0,0
Spark plugs,105,1974,0,0
Spark plugs,105,1975,0,0
Spark plugs,105,1976,0,0
Spark plugs,105,1977,0,0
Spark plugs,105,1978,0,0
Spark plugs,105,1979,0,0
Spark plugs,105,1980,0,0
Spark plugs,105,1981,0,0
Spark plugs,105,1982,2,2
Spark plugs,105,1983,0,2
Spark plugs,105,1984,0,2
Spark plugs,105,1985,0,2
Spark plugs,105,1986,0,2
Spark plugs,105,1987,0,2
Spark plugs,105,1988,0,2
Spark plugs,105,1989,0,2
Spark plugs,105,1990,0,2
Spark plugs,105,1991,0,2
Spark plugs,105,1992,0,2
Spark plugs,105,1993,0,2
Spark plugs,105,1994,0,2
Spark plugs,105,1995,0,2
Spark plugs,105,1996,0,2
Spark plugs,105,1997,0,2
Spark plugs,105,1998,0,2
Spark plugs,105,1999,0,2
Spark plugs,105,2000,0,2
Spark plugs,105,2001,0,2
Spark plugs,105,2002,0,2
Spark plugs,105,2003,0,2
Spark plugs,105,2004,0,2
Spark plugs,105,2005,0,2
Spark plugs,105,2006,0,2
Spark plugs,105,2007,0,2
Spark plugs,105,2008,0,2
Spark plugs,105,2009,0,2
Spark plugs,105,2010,0,2
Spark plugs,105,2011,0,2
Spark plugs,105,2012,0,2
Spark plugs,105,2013,0,2
Spark plugs,105,2014,0,2
Spark plugs,105,2015,0,2
Spark plugs,105,2016,0,2
Spark plugs,105,2017,1,3
Spark plugs,105,2018,0,3
Spark plugs,105,2019,0,3
Spark plugs,105,2020,0,3
Spark plugs,105,2021,0,3
Spark plugs,105,2022,0,3
Fuel pipe,106,1950,0,0
Fuel pipe,106,1951,0,0
Fuel pipe,106,1952,0,0
Fuel pipe,106,1953,0,0
Fuel pipe,106,1954,0,0
Fuel pipe,106,1955,0,0
Fuel pipe,106,1956,0,0
Fuel pipe,106,1957,0,0
Fuel pipe,106,1958,0,0
Fuel pipe,106,1959,0,0
Fuel pipe,106,1960,0,0
Fuel pipe,106,1961,0,0
Fuel pipe,106,1962,0,0
Fuel pipe,106,1963,0,0
Fuel pipe,106,1964,0,0
Fuel pipe,106,1965,0,0
Fuel pipe,106,1966,0,0
Fuel pipe,106,1967,0,0
Fuel pipe,106,1968,0,0
Fuel pipe,106,1969,0,0
Fuel pipe,106,1970,1,1
Fuel pipe,106,1971,0,1
Fuel pipe,106,1972,0,1
Fuel pipe,106,1973,0,1
Fuel pipe,106,1974,0,1
Fuel pipe,106,1975,0,1
Fuel pipe,106,1976,1,2
Fuel pipe,106,1977,0,2
Fuel pipe,106,1978,1,3
Fuel pipe,106,1979,0,3
Fuel pipe,106,1980,0,3
Fuel pipe,106,1981,0,3
Fuel pipe,106,1982,0,3
Fuel pipe,106,1983,0,3
Fuel pipe,106,1984,0,3
Fuel pipe,106,1985,0,3
Fuel pipe,106,1986,0,3
Fuel pipe,106,1987,0,3
Fuel pipe,106,1988,0,3
Fuel pipe,106,1989,0,3
Fuel pipe,106,1990,0,3
Fuel pipe,106,1991,0,3
Fuel pipe,106,1992,0,3
Fuel pipe,106,1993,0,3
Fuel pipe,106,1994,0,3
Fuel pipe,106,1995,0,3
Fuel pipe,106,1996,0,3
Fuel pipe,106,1997,0,3
Fuel pipe,106,1998,0,3
Fuel pipe,106,1999,0,3
Fuel pipe,106,2000,0,3
Fuel pipe,106,2001,0,3
Fuel pipe,106,2002,0,3
Fuel pipe,106,2003,0,3
Fuel pipe,106,2004,0,3
Fuel pipe,106,2005,0,3
Fuel pipe,106,2006,0,3
Fuel pipe,106,2007,0,3
Fuel pipe,106,2008,0,3
Fuel pipe,106,2009,0,3
Fuel pipe,106,2010,0,3
Fuel pipe,106,2011,0,3
Fuel pipe,106,2012,0,3
Fuel pipe,106,2013,0,3
Fuel pipe,106,2014,0,3
Fuel pipe,106,2015,0,3
Fuel pipe,106,2016,0,3
Fuel pipe,106,2017,0,3
Fuel pipe,106,2018,0,3
Fuel pipe,106,2019,0,3
Fuel pipe,106,2020,0,3
Fuel pipe,106,2021,0,3
Fuel pipe,106,2022,0,3
Eye injury,107,1950,0,0
Eye injury,107,1951,0,0
Eye injury,107,1952,0,0
Eye injury,107,1953,0,0
Eye injury,107,1954,0,0
Eye injury,107,1955,0,0
Eye injury,107,1956,0,0
Eye injury,107,1957,0,0
Eye injury,107,1958,0,0
Eye injury,107,1959,0,0
Eye injury,107,1960,0,0
Eye injury,107,1961,0,0
Eye injury,107,1962,0,0
Eye injury,107,1963,0,0
Eye injury,107,1964,0,0
Eye injury,107,1965,0,0
Eye injury,107,1966,0,0
Eye injury,107,1967,0,0
Eye injury,107,1968,0,0
Eye injury,107,1969,0,0
Eye injury,107,1970,0,0
Eye injury,107,1971,0,0
Eye injury,107,1972,1,1
Eye injury,107,1973,0,1
Eye injury,107,1974,0,1
Eye injury,107,1975,0,1
Eye injury,107,1976,0,1
Eye injury,107,1977,0,1
Eye injury,107,1978,0,1
Eye injury,107,1979,0,1
Eye injury,107,1980,0,1
Eye injury,107,1981,0,1
Eye injury,107,1982,0,1
Eye injury,107,1983,0,1
Eye injury,107,1984,0,1
Eye injury,107,1985,0,1
Eye injury,107,1986,0,1
Eye injury,107,1987,0,1
Eye injury,107,1988,0,1
Eye injury,107,1989,0,1
Eye injury,107,1990,0,1
Eye injury,107,1991,0,1
Eye injury,107,1992,0,1
Eye injury,107,1993,0,1
Eye injury,107,1994,0,1
Eye injury,107,1995,0,1
Eye injury,107,1996,0,1
Eye injury,107,1997,0,1
Eye injury,107,1998,0,1
Eye injury,107,1999,0,1
Eye injury,107,2000,0,1
Eye injury,107,2001,0,1
Eye injury,107,2002,0,1
Eye injury,107,2003,0,1
Eye injury,107,2004,0,1
Eye injury,107,2005,0,1
Eye injury,107,2006,0,1
Eye injury,107,2007,0,1
Eye injury,107,2008,0,1
Eye injury,107,2009,0,1
Eye injury,107,2010,0,1
Eye injury,107,2011,0,1
Eye injury,107,2012,0,1
Eye injury,107,2013,0,1
Eye injury,107,2014,0,1
Eye injury,107,2015,0,1
Eye injury,107,2016,0,1
Eye injury,107,2017,0,1
Eye injury,107,2018,0,1
Eye injury,107,2019,0,1
Eye injury,107,2020,0,1
Eye injury,107,2021,0,1
Eye injury,107,2022,0,1
Oil pipe,108,1950,3,3
Oil pipe,108,1951,1,4
Oil pipe,108,1952,0,4
Oil pipe,108,1953,0,4
Oil pipe,108,1954,0,4
Oil pipe,108,1955,0,4
Oil pipe,108,1956,0,4
Oil pipe,108,1957,0,4
Oil pipe,108,1958,1,5
Oil pipe,108,1959,0,5
Oil pipe,108,1960,0,5
Oil pipe,108,1961,1,6
Oil pipe,108,1962,0,6
Oil pipe,108,1963,0,6
Oil pipe,108,1964,2,8
Oil pipe,108,1965,0,8
Oil pipe,108,1966,0,8
Oil pipe,108,1967,0,8
Oil pipe,108,1968,1,9
Oil pipe,108,1969,1,10
Oil pipe,108,1970,0,10
Oil pipe,108,1971,2,12
Oil pipe,108,1972,0,12
Oil pipe,108,1973,0,12
Oil pipe,108,1974,0,12
Oil pipe,108,1975,0,12
Oil pipe,108,1976,0,12
Oil pipe,108,1977,0,12
Oil pipe,108,1978,0,12
Oil pipe,108,1979,0,12
Oil pipe,108,1980,0,12
Oil pipe,108,1981,0,12
Oil pipe,108,1982,0,12
Oil pipe,108,1983,0,12
Oil pipe,108,1984,0,12
Oil pipe,108,1985,0,12
Oil pipe,108,1986,0,12
Oil pipe,108,1987,0,12
Oil pipe,108,1988,0,12
Oil pipe,108,1989,0,12
Oil pipe,108,1990,0,12
Oil pipe,108,1991,0,12
Oil pipe,108,1992,0,12
Oil pipe,108,1993,0,12
Oil pipe,108,1994,0,12
Oil pipe,108,1995,0,12
Oil pipe,108,1996,0,12
Oil pipe,108,1997,0,12
Oil pipe,108,1998,0,12
Oil pipe,108,1999,0,12
Oil pipe,108,2000,0,12
Oil pipe,108,2001,0,12
Oil pipe,108,2002,0,12
Oil pipe,108,2003,0,12
Oil pipe,108,2004,0,12
Oil pipe,108,2005,0,12
Oil pipe,108,2006,0,12
Oil pipe,108,2007,0,12
Oil pipe,108,2008,0,12
Oil pipe,108,2009,0,12
Oil pipe,108,2010,0,12
Oil pipe,108,2011,0,12
Oil pipe,108,2012,0,12
Oil pipe,108,2013,0,12
Oil pipe,108,2014,0,12
Oil pipe,108,2015,0,12
Oil pipe,108,2016,0,12
Oil pipe,108,2017,0,12
Oil pipe,108,2018,0,12
Oil pipe,108,2019,0,12
Oil pipe,108,2020,0,12
Oil pipe,108,2021,0,12
Oil pipe,108,2022,0,12
Axle,109,1950,1,1
Axle,109,1951,2,3
Axle,109,1952,3,6
Axle,109,1953,9,15
Axle,109,1954,2,17
Axle,109,1955,0,17
Axle,109,1956,2,19
Axle,109,1957,1,20
Axle,109,1958,0,20
Axle,109,1959,0,20
Axle,109,1960,1,21
Axle,109,1961,0,21
Axle,109,1962,0,21
Axle,109,1963,0,21
Axle,109,1964,0,21
Axle,109,1965,0,21
Axle,109,1966,0,21
Axle,109,1967,0,21
Axle,109,1968,0,21
Axle,109,1969,0,21
Axle,109,1970,1,22
Axle,109,1971,0,22
Axle,109,1972,0,22
Axle,109,1973,0,22
Axle,109,1974,0,22
Axle,109,1975,0,22
Axle,109,1976,0,22
Axle,109,1977,0,22
Axle,109,1978,0,22
Axle,109,1979,0,22
Axle,109,1980,0,22
Axle,109,1981,0,22
Axle,109,1982,0,22
Axle,109,1983,0,22
Axle,109,1984,0,22
Axle,109,1985,0,22
Axle,109,1986,0,22
Axle,109,1987,0,22
Axle,109,1988,0,22
Axle,109,1989,0,22
Axle,109,1990,0,22
Axle,109,1991,0,22
Axle,109,1992,0,22
Axle,109,1993,0,22
Axle,109,1994,0,22
Axle,109,1995,0,22
Axle,109,1996,0,22
Axle,109,1997,0,22
Axle,109,1998,0,22
Axle,109,1999,0,22
Axle,109,2000,0,22
Axle,109,2001,0,22
Axle,109,2002,0,22
Axle,109,2003,0,22
Axle,109,2004,0,22
Axle,109,2005,0,22
Axle,109,2006,0,22
Axle,109,2007,0,22
Axle,109,2008,0,22
Axle,109,2009,0,22
Axle,109,2010,0,22
Axle,109,2011,0,22
Axle,109,2012,0,22
Axle,109,2013,0,22
Axle,109,2014,0,22
Axle,109,2015,0,22
Axle,109,2016,0,22
Axle,109,2017,0,22
Axle,109,2018,0,22
Axle,109,2019,0,22
Axle,109,2020,0,22
Axle,109,2021,0,22
Axle,109,2022,0,22
Water pipe,110,1950,1,1
Water pipe,110,1951,0,1
Water pipe,110,1952,0,1
Water pipe,110,1953,0,1
Water pipe,110,1954,0,1
Water pipe,110,1955,0,1
Water pipe,110,1956,0,1
Water pipe,110,1957,0,1
Water pipe,110,1958,0,1
Water pipe,110,1959,0,1
Water pipe,110,1960,0,1
Water pipe,110,1961,0,1
Water pipe,110,1962,0,1
Water pipe,110,1963,0,1
Water pipe,110,1964,0,1
Water pipe,110,1965,0,1
Water pipe,110,1966,0,1
Water pipe,110,1967,0,1
Water pipe,110,1968,1,2
Water pipe,110,1969,0,2
Water pipe,110,1970,1,3
Water pipe,110,1971,0,3
Water pipe,110,1972,0,3
Water pipe,110,1973,0,3
Water pipe,110,1974,0,3
Water pipe,110,1975,0,3
Water pipe,110,1976,0,3
Water pipe,110,1977,0,3
Water pipe,110,1978,0,3
Water pipe,110,1979,0,3
Water pipe,110,1980,0,3
Water pipe,110,1981,0,3
Water pipe,110,1982,0,3
Water pipe,110,1983,0,3
Water pipe,110,1984,0,3
Water pipe,110,1985,0,3
Water pipe,110,1986,0,3
Water pipe,110,1987,0,3
Water pipe,110,1988,0,3
Water pipe,110,1989,0,3
Water pipe,110,1990,0,3
Water pipe,110,1991,0,3
Water pipe,110,1992,0,3
Water pipe,110,1993,0,3
Water pipe,110,1994,0,3
Water pipe,110,1995,0,3
Water pipe,110,1996,0,3
Water pipe,110,1997,0,3
Water pipe,110,1998,0,3
Water pipe,110,1999,0,3
Water pipe,110,2000,0,3
Water pipe,110,2001,0,3
Water pipe,110,2002,0,3
Water pipe,110,2003,0,3
Water pipe,110,2004,0,3
Water pipe,110,2005,0,3
Water pipe,110,2006,0,3
Water pipe,110,2007,0,3
Water pipe,110,2008,0,3
Water pipe,110,2009,0,3
Water pipe,110,2010,0,3
Water pipe,110,2011,0,3
Water pipe,110,2012,0,3
Water pipe,110,2013,0,3
Water pipe,110,2014,0,3
Water pipe,110,2015,0,3
Water pipe,110,2016,0,3
Water pipe,110,2017,0,3
Water pipe,110,2018,0,3
Water pipe,110,2019,0,3
Water pipe,110,2020,0,3
Water pipe,110,2021,0,3
Water pipe,110,2022,0,3
+14 Laps,111,1950,0,0
+14 Laps,111,1951,0,0
+14 Laps,111,1952,1,1
+14 Laps,111,1953,1,2
+14 Laps,111,1954,0,2
+14 Laps,111,1955,2,4
+14 Laps,111,1956,1,5
+14 Laps,111,1957,0,5
+14 Laps,111,1958,0,5
+14 Laps,111,1959,1,6
+14 Laps,111,1960,2,8
+14 Laps,111,1961,0,8
+14 Laps,111,1962,1,9
+14 Laps,111,1963,1,10
+14 Laps,111,1964,0,10
+14 Laps,111,1965,1,11
+14 Laps,111,1966,0,11
+14 Laps,111,1967,0,11
+14 Laps,111,1968,0,11
+14 Laps,111,1969,0,11
+14 Laps,111,1970,0,11
+14 Laps,111,1971,0,11
+14 Laps,111,1972,0,11
+14 Laps,111,1973,0,11
+14 Laps,111,1974,0,11
+14 Laps,111,1975,0,11
+14 Laps,111,1976,0,11
+14 Laps,111,1977,0,11
+14 Laps,111,1978,0,11
+14 Laps,111,1979,0,11
+14 Laps,111,1980,0,11
+14 Laps,111,1981,0,11
+14 Laps,111,1982,0,11
+14 Laps,111,1983,0,11
+14 Laps,111,1984,0,11
+14 Laps,111,1985,0,11
+14 Laps,111,1986,0,11
+14 Laps,111,1987,0,11
+14 Laps,111,1988,0,11
+14 Laps,111,1989,0,11
+14 Laps,111,1990,0,11
+14 Laps,111,1991,0,11
+14 Laps,111,1992,0,11
+14 Laps,111,1993,0,11
+14 Laps,111,1994,0,11
+14 Laps,111,1995,0,11
+14 Laps,111,1996,0,11
+14 Laps,111,1997,0,11
+14 Laps,111,1998,0,11
+14 Laps,111,1999,0,11
+14 Laps,111,2000,0,11
+14 Laps,111,2001,0,11
+14 Laps,111,2002,0,11
+14 Laps,111,2003,0,11
+14 Laps,111,2004,0,11
+14 Laps,111,2005,0,11
+14 Laps,111,2006,0,11
+14 Laps,111,2007,0,11
+14 Laps,111,2008,0,11
+14 Laps,111,2009,0,11
+14 Laps,111,2010,0,11
+14 Laps,111,2011,1,12
+14 Laps,111,2012,0,12
+14 Laps,111,2013,0,12
+14 Laps,111,2014,0,12
+14 Laps,111,2015,0,12
+14 Laps,111,2016,0,12
+14 Laps,111,2017,0,12
+14 Laps,111,2018,0,12
+14 Laps,111,2019,0,12
+14 Laps,111,2020,0,12
+14 Laps,111,2021,0,12
+14 Laps,111,2022,0,12
+15 Laps,112,1950,1,1
+15 Laps,112,1951,0,1
+15 Laps,112,1952,0,1
+15 Laps,112,1953,1,2
+15 Laps,112,1954,0,2
+15 Laps,112,1955,0,2
+15 Laps,112,1956,2,4
+15 Laps,112,1957,2,6
+15 Laps,112,1958,0,6
+15 Laps,112,1959,0,6
+15 Laps,112,1960,0,6
+15 Laps,112,1961,0,6
+15 Laps,112,1962,1,7
+15 Laps,112,1963,0,7
+15 Laps,112,1964,0,7
+15 Laps,112,1965,2,9
+15 Laps,112,1966,0,9
+15 Laps,112,1967,0,9
+15 Laps,112,1968,0,9
+15 Laps,112,1969,0,9
+15 Laps,112,1970,0,9
+15 Laps,112,1971,0,9
+15 Laps,112,1972,0,9
+15 Laps,112,1973,0,9
+15 Laps,112,1974,0,9
+15 Laps,112,1975,0,9
+15 Laps,112,1976,0,9
+15 Laps,112,1977,0,9
+15 Laps,112,1978,0,9
+15 Laps,112,1979,0,9
+15 Laps,112,1980,0,9
+15 Laps,112,1981,0,9
+15 Laps,112,1982,0,9
+15 Laps,112,1983,0,9
+15 Laps,112,1984,0,9
+15 Laps,112,1985,0,9
+15 Laps,112,1986,0,9
+15 Laps,112,1987,0,9
+15 Laps,112,1988,0,9
+15 Laps,112,1989,0,9
+15 Laps,112,1990,0,9
+15 Laps,112,1991,0,9
+15 Laps,112,1992,0,9
+15 Laps,112,1993,0,9
+15 Laps,112,1994,0,9
+15 Laps,112,1995,0,9
+15 Laps,112,1996,0,9
+15 Laps,112,1997,0,9
+15 Laps,112,1998,0,9
+15 Laps,112,1999,0,9
+15 Laps,112,2000,0,9
+15 Laps,112,2001,0,9
+15 Laps,112,2002,0,9
+15 Laps,112,2003,0,9
+15 Laps,112,2004,0,9
+15 Laps,112,2005,0,9
+15 Laps,112,2006,0,9
+15 Laps,112,2007,0,9
+15 Laps,112,2008,0,9
+15 Laps,112,2009,0,9
+15 Laps,112,2010,0,9
+15 Laps,112,2011,0,9
+15 Laps,112,2012,0,9
+15 Laps,112,2013,0,9
+15 Laps,112,2014,0,9
+15 Laps,112,2015,0,9
+15 Laps,112,2016,0,9
+15 Laps,112,2017,0,9
+15 Laps,112,2018,0,9
+15 Laps,112,2019,0,9
+15 Laps,112,2020,0,9
+15 Laps,112,2021,0,9
+15 Laps,112,2022,0,9
+25 Laps,113,1950,0,0
+25 Laps,113,1951,0,0
+25 Laps,113,1952,0,0
+25 Laps,113,1953,0,0
+25 Laps,113,1954,0,0
+25 Laps,113,1955,0,0
+25 Laps,113,1956,0,0
+25 Laps,113,1957,0,0
+25 Laps,113,1958,0,0
+25 Laps,113,1959,0,0
+25 Laps,113,1960,0,0
+25 Laps,113,1961,0,0
+25 Laps,113,1962,0,0
+25 Laps,113,1963,1,1
+25 Laps,113,1964,1,2
+25 Laps,113,1965,1,3
+25 Laps,113,1966,0,3
+25 Laps,113,1967,0,3
+25 Laps,113,1968,0,3
+25 Laps,113,1969,0,3
+25 Laps,113,1970,0,3
+25 Laps,113,1971,0,3
+25 Laps,113,1972,0,3
+25 Laps,113,1973,0,3
+25 Laps,113,1974,0,3
+25 Laps,113,1975,0,3
+25 Laps,113,1976,0,3
+25 Laps,113,1977,0,3
+25 Laps,113,1978,0,3
+25 Laps,113,1979,0,3
+25 Laps,113,1980,0,3
+25 Laps,113,1981,0,3
+25 Laps,113,1982,0,3
+25 Laps,113,1983,0,3
+25 Laps,113,1984,0,3
+25 Laps,113,1985,0,3
+25 Laps,113,1986,0,3
+25 Laps,113,1987,0,3
+25 Laps,113,1988,0,3
+25 Laps,113,1989,0,3
+25 Laps,113,1990,0,3
+25 Laps,113,1991,0,3
+25 Laps,113,1992,0,3
+25 Laps,113,1993,0,3
+25 Laps,113,1994,0,3
+25 Laps,113,1995,0,3
+25 Laps,113,1996,0,3
+25 Laps,113,1997,0,3
+25 Laps,113,1998,0,3
+25 Laps,113,1999,0,3
+25 Laps,113,2000,0,3
+25 Laps,113,2001,0,3
+25 Laps,113,2002,0,3
+25 Laps,113,2003,0,3
+25 Laps,113,2004,0,3
+25 Laps,113,2005,0,3
+25 Laps,113,2006,0,3
+25 Laps,113,2007,0,3
+25 Laps,113,2008,0,3
+25 Laps,113,2009,0,3
+25 Laps,113,2010,0,3
+25 Laps,113,2011,0,3
+25 Laps,113,2012,0,3
+25 Laps,113,2013,0,3
+25 Laps,113,2014,0,3
+25 Laps,113,2015,0,3
+25 Laps,113,2016,0,3
+25 Laps,113,2017,0,3
+25 Laps,113,2018,0,3
+25 Laps,113,2019,0,3
+25 Laps,113,2020,0,3
+25 Laps,113,2021,0,3
+25 Laps,113,2022,0,3
+18 Laps,114,1950,0,0
+18 Laps,114,1951,0,0
+18 Laps,114,1952,1,1
+18 Laps,114,1953,0,1
+18 Laps,114,1954,0,1
+18 Laps,114,1955,2,3
+18 Laps,114,1956,0,3
+18 Laps,114,1957,0,3
+18 Laps,114,1958,0,3
+18 Laps,114,1959,0,3
+18 Laps,114,1960,0,3
+18 Laps,114,1961,0,3
+18 Laps,114,1962,0,3
+18 Laps,114,1963,0,3
+18 Laps,114,1964,0,3
+18 Laps,114,1965,1,4
+18 Laps,114,1966,0,4
+18 Laps,114,1967,0,4
+18 Laps,114,1968,0,4
+18 Laps,114,1969,0,4
+18 Laps,114,1970,0,4
+18 Laps,114,1971,0,4
+18 Laps,114,1972,0,4
+18 Laps,114,1973,0,4
+18 Laps,114,1974,0,4
+18 Laps,114,1975,0,4
+18 Laps,114,1976,0,4
+18 Laps,114,1977,0,4
+18 Laps,114,1978,0,4
+18 Laps,114,1979,0,4
+18 Laps,114,1980,0,4
+18 Laps,114,1981,0,4
+18 Laps,114,1982,0,4
+18 Laps,114,1983,0,4
+18 Laps,114,1984,0,4
+18 Laps,114,1985,0,4
+18 Laps,114,1986,0,4
+18 Laps,114,1987,0,4
+18 Laps,114,1988,0,4
+18 Laps,114,1989,0,4
+18 Laps,114,1990,0,4
+18 Laps,114,1991,0,4
+18 Laps,114,1992,0,4
+18 Laps,114,1993,0,4
+18 Laps,114,1994,0,4
+18 Laps,114,1995,0,4
+18 Laps,114,1996,0,4
+18 Laps,114,1997,0,4
+18 Laps,114,1998,0,4
+18 Laps,114,1999,0,4
+18 Laps,114,2000,0,4
+18 Laps,114,2001,0,4
+18 Laps,114,2002,0,4
+18 Laps,114,2003,0,4
+18 Laps,114,2004,0,4
+18 Laps,114,2005,0,4
+18 Laps,114,2006,0,4
+18 Laps,114,2007,0,4
+18 Laps,114,2008,0,4
+18 Laps,114,2009,0,4
+18 Laps,114,2010,0,4
+18 Laps,114,2011,0,4
+18 Laps,114,2012,0,4
+18 Laps,114,2013,0,4
+18 Laps,114,2014,0,4
+18 Laps,114,2015,0,4
+18 Laps,114,2016,0,4
+18 Laps,114,2017,0,4
+18 Laps,114,2018,0,4
+18 Laps,114,2019,0,4
+18 Laps,114,2020,0,4
+18 Laps,114,2021,0,4
+18 Laps,114,2022,0,4
+22 Laps,115,1950,0,0
+22 Laps,115,1951,2,2
+22 Laps,115,1952,0,2
+22 Laps,115,1953,0,2
+22 Laps,115,1954,0,2
+22 Laps,115,1955,0,2
+22 Laps,115,1956,0,2
+22 Laps,115,1957,0,2
+22 Laps,115,1958,0,2
+22 Laps,115,1959,0,2
+22 Laps,115,1960,0,2
+22 Laps,115,1961,0,2
+22 Laps,115,1962,0,2
+22 Laps,115,1963,1,3
+22 Laps,115,1964,1,4
+22 Laps,115,1965,0,4
+22 Laps,115,1966,0,4
+22 Laps,115,1967,0,4
+22 Laps,115,1968,0,4
+22 Laps,115,1969,0,4
+22 Laps,115,1970,0,4
+22 Laps,115,1971,0,4
+22 Laps,115,1972,0,4
+22 Laps,115,1973,0,4
+22 Laps,115,1974,0,4
+22 Laps,115,1975,0,4
+22 Laps,115,1976,0,4
+22 Laps,115,1977,0,4
+22 Laps,115,1978,0,4
+22 Laps,115,1979,0,4
+22 Laps,115,1980,0,4
+22 Laps,115,1981,0,4
+22 Laps,115,1982,0,4
+22 Laps,115,1983,0,4
+22 Laps,115,1984,0,4
+22 Laps,115,1985,0,4
+22 Laps,115,1986,0,4
+22 Laps,115,1987,0,4
+22 Laps,115,1988,0,4
+22 Laps,115,1989,0,4
+22 Laps,115,1990,0,4
+22 Laps,115,1991,0,4
+22 Laps,115,1992,0,4
+22 Laps,115,1993,0,4
+22 Laps,115,1994,0,4
+22 Laps,115,1995,0,4
+22 Laps,115,1996,0,4
+22 Laps,115,1997,0,4
+22 Laps,115,1998,0,4
+22 Laps,115,1999,0,4
+22 Laps,115,2000,0,4
+22 Laps,115,2001,0,4
+22 Laps,115,2002,0,4
+22 Laps,115,2003,0,4
+22 Laps,115,2004,0,4
+22 Laps,115,2005,0,4
+22 Laps,115,2006,0,4
+22 Laps,115,2007,0,4
+22 Laps,115,2008,0,4
+22 Laps,115,2009,0,4
+22 Laps,115,2010,0,4
+22 Laps,115,2011,0,4
+22 Laps,115,2012,0,4
+22 Laps,115,2013,0,4
+22 Laps,115,2014,0,4
+22 Laps,115,2015,0,4
+22 Laps,115,2016,0,4
+22 Laps,115,2017,0,4
+22 Laps,115,2018,0,4
+22 Laps,115,2019,0,4
+22 Laps,115,2020,0,4
+22 Laps,115,2021,0,4
+22 Laps,115,2022,0,4
+16 Laps,116,1950,1,1
+16 Laps,116,1951,0,1
+16 Laps,116,1952,3,4
+16 Laps,116,1953,1,5
+16 Laps,116,1954,0,5
+16 Laps,116,1955,0,5
+16 Laps,116,1956,0,5
+16 Laps,116,1957,0,5
+16 Laps,116,1958,0,5
+16 Laps,116,1959,0,5
+16 Laps,116,1960,0,5
+16 Laps,116,1961,0,5
+16 Laps,116,1962,1,6
+16 Laps,116,1963,0,6
+16 Laps,116,1964,1,7
+16 Laps,116,1965,0,7
+16 Laps,116,1966,0,7
+16 Laps,116,1967,0,7
+16 Laps,116,1968,0,7
+16 Laps,116,1969,0,7
+16 Laps,116,1970,0,7
+16 Laps,116,1971,0,7
+16 Laps,116,1972,0,7
+16 Laps,116,1973,0,7
+16 Laps,116,1974,0,7
+16 Laps,116,1975,0,7
+16 Laps,116,1976,0,7
+16 Laps,116,1977,0,7
+16 Laps,116,1978,0,7
+16 Laps,116,1979,0,7
+16 Laps,116,1980,0,7
+16 Laps,116,1981,0,7
+16 Laps,116,1982,0,7
+16 Laps,116,1983,0,7
+16 Laps,116,1984,0,7
+16 Laps,116,1985,0,7
+16 Laps,116,1986,0,7
+16 Laps,116,1987,0,7
+16 Laps,116,1988,0,7
+16 Laps,116,1989,0,7
+16 Laps,116,1990,0,7
+16 Laps,116,1991,0,7
+16 Laps,116,1992,0,7
+16 Laps,116,1993,0,7
+16 Laps,116,1994,0,7
+16 Laps,116,1995,0,7
+16 Laps,116,1996,0,7
+16 Laps,116,1997,0,7
+16 Laps,116,1998,0,7
+16 Laps,116,1999,0,7
+16 Laps,116,2000,0,7
+16 Laps,116,2001,0,7
+16 Laps,116,2002,0,7
+16 Laps,116,2003,0,7
+16 Laps,116,2004,0,7
+16 Laps,116,2005,0,7
+16 Laps,116,2006,0,7
+16 Laps,116,2007,0,7
+16 Laps,116,2008,0,7
+16 Laps,116,2009,0,7
+16 Laps,116,2010,0,7
+16 Laps,116,2011,0,7
+16 Laps,116,2012,0,7
+16 Laps,116,2013,0,7
+16 Laps,116,2014,0,7
+16 Laps,116,2015,0,7
+16 Laps,116,2016,0,7
+16 Laps,116,2017,0,7
+16 Laps,116,2018,0,7
+16 Laps,116,2019,0,7
+16 Laps,116,2020,0,7
+16 Laps,116,2021,0,7
+16 Laps,116,2022,0,7
+24 Laps,117,1950,0,0
+24 Laps,117,1951,0,0
+24 Laps,117,1952,0,0
+24 Laps,117,1953,2,2
+24 Laps,117,1954,0,2
+24 Laps,117,1955,0,2
+24 Laps,117,1956,0,2
+24 Laps,117,1957,0,2
+24 Laps,117,1958,0,2
+24 Laps,117,1959,0,2
+24 Laps,117,1960,0,2
+24 Laps,117,1961,0,2
+24 Laps,117,1962,0,2
+24 Laps,117,1963,1,3
+24 Laps,117,1964,1,4
+24 Laps,117,1965,0,4
+24 Laps,117,1966,0,4
+24 Laps,117,1967,0,4
+24 Laps,117,1968,0,4
+24 Laps,117,1969,0,4
+24 Laps,117,1970,0,4
+24 Laps,117,1971,0,4
+24 Laps,117,1972,0,4
+24 Laps,117,1973,0,4
+24 Laps,117,1974,0,4
+24 Laps,117,1975,0,4
+24 Laps,117,1976,0,4
+24 Laps,117,1977,0,4
+24 Laps,117,1978,0,4
+24 Laps,117,1979,0,4
+24 Laps,117,1980,0,4
+24 Laps,117,1981,0,4
+24 Laps,117,1982,0,4
+24 Laps,117,1983,0,4
+24 Laps,117,1984,0,4
+24 Laps,117,1985,0,4
+24 Laps,117,1986,0,4
+24 Laps,117,1987,0,4
+24 Laps,117,1988,0,4
+24 Laps,117,1989,0,4
+24 Laps,117,1990,0,4
+24 Laps,117,1991,0,4
+24 Laps,117,1992,0,4
+24 Laps,117,1993,0,4
+24 Laps,117,1994,0,4
+24 Laps,117,1995,0,4
+24 Laps,117,1996,0,4
+24 Laps,117,1997,0,4
+24 Laps,117,1998,0,4
+24 Laps,117,1999,0,4
+24 Laps,117,2000,0,4
+24 Laps,117,2001,0,4
+24 Laps,117,2002,0,4
+24 Laps,117,2003,0,4
+24 Laps,117,2004,0,4
+24 Laps,117,2005,0,4
+24 Laps,117,2006,0,4
+24 Laps,117,2007,0,4
+24 Laps,117,2008,0,4
+24 Laps,117,2009,0,4
+24 Laps,117,2010,0,4
+24 Laps,117,2011,0,4
+24 Laps,117,2012,0,4
+24 Laps,117,2013,0,4
+24 Laps,117,2014,0,4
+24 Laps,117,2015,0,4
+24 Laps,117,2016,0,4
+24 Laps,117,2017,0,4
+24 Laps,117,2018,0,4
+24 Laps,117,2019,0,4
+24 Laps,117,2020,0,4
+24 Laps,117,2021,0,4
+24 Laps,117,2022,0,4
+29 Laps,118,1950,0,0
+29 Laps,118,1951,0,0
+29 Laps,118,1952,0,0
+29 Laps,118,1953,0,0
+29 Laps,118,1954,0,0
+29 Laps,118,1955,0,0
+29 Laps,118,1956,0,0
+29 Laps,118,1957,0,0
+29 Laps,118,1958,0,0
+29 Laps,118,1959,0,0
+29 Laps,118,1960,0,0
+29 Laps,118,1961,0,0
+29 Laps,118,1962,0,0
+29 Laps,118,1963,0,0
+29 Laps,118,1964,1,1
+29 Laps,118,1965,0,1
+29 Laps,118,1966,0,1
+29 Laps,118,1967,0,1
+29 Laps,118,1968,0,1
+29 Laps,118,1969,0,1
+29 Laps,118,1970,0,1
+29 Laps,118,1971,0,1
+29 Laps,118,1972,0,1
+29 Laps,118,1973,0,1
+29 Laps,118,1974,0,1
+29 Laps,118,1975,0,1
+29 Laps,118,1976,0,1
+29 Laps,118,1977,0,1
+29 Laps,118,1978,0,1
+29 Laps,118,1979,0,1
+29 Laps,118,1980,0,1
+29 Laps,118,1981,0,1
+29 Laps,118,1982,0,1
+29 Laps,118,1983,0,1
+29 Laps,118,1984,0,1
+29 Laps,118,1985,0,1
+29 Laps,118,1986,0,1
+29 Laps,118,1987,0,1
+29 Laps,118,1988,0,1
+29 Laps,118,1989,0,1
+29 Laps,118,1990,0,1
+29 Laps,118,1991,0,1
+29 Laps,118,1992,0,1
+29 Laps,118,1993,0,1
+29 Laps,118,1994,0,1
+29 Laps,118,1995,0,1
+29 Laps,118,1996,0,1
+29 Laps,118,1997,0,1
+29 Laps,118,1998,0,1
+29 Laps,118,1999,0,1
+29 Laps,118,2000,0,1
+29 Laps,118,2001,0,1
+29 Laps,118,2002,0,1
+29 Laps,118,2003,0,1
+29 Laps,118,2004,0,1
+29 Laps,118,2005,0,1
+29 Laps,118,2006,0,1
+29 Laps,118,2007,0,1
+29 Laps,118,2008,0,1
+29 Laps,118,2009,0,1
+29 Laps,118,2010,0,1
+29 Laps,118,2011,0,1
+29 Laps,118,2012,0,1
+29 Laps,118,2013,0,1
+29 Laps,118,2014,0,1
+29 Laps,118,2015,0,1
+29 Laps,118,2016,0,1
+29 Laps,118,2017,0,1
+29 Laps,118,2018,0,1
+29 Laps,118,2019,0,1
+29 Laps,118,2020,0,1
+29 Laps,118,2021,0,1
+29 Laps,118,2022,0,1
+23 Laps,119,1950,0,0
+23 Laps,119,1951,0,0
+23 Laps,119,1952,0,0
+23 Laps,119,1953,0,0
+23 Laps,119,1954,0,0
+23 Laps,119,1955,0,0
+23 Laps,119,1956,0,0
+23 Laps,119,1957,0,0
+23 Laps,119,1958,0,0
+23 Laps,119,1959,0,0
+23 Laps,119,1960,0,0
+23 Laps,119,1961,0,0
+23 Laps,119,1962,0,0
+23 Laps,119,1963,1,1
+23 Laps,119,1964,0,1
+23 Laps,119,1965,0,1
+23 Laps,119,1966,0,1
+23 Laps,119,1967,0,1
+23 Laps,119,1968,0,1
+23 Laps,119,1969,0,1
+23 Laps,119,1970,0,1
+23 Laps,119,1971,0,1
+23 Laps,119,1972,0,1
+23 Laps,119,1973,0,1
+23 Laps,119,1974,0,1
+23 Laps,119,1975,0,1
+23 Laps,119,1976,0,1
+23 Laps,119,1977,0,1
+23 Laps,119,1978,0,1
+23 Laps,119,1979,0,1
+23 Laps,119,1980,0,1
+23 Laps,119,1981,0,1
+23 Laps,119,1982,0,1
+23 Laps,119,1983,0,1
+23 Laps,119,1984,0,1
+23 Laps,119,1985,0,1
+23 Laps,119,1986,0,1
+23 Laps,119,1987,0,1
+23 Laps,119,1988,0,1
+23 Laps,119,1989,0,1
+23 Laps,119,1990,0,1
+23 Laps,119,1991,0,1
+23 Laps,119,1992,0,1
+23 Laps,119,1993,0,1
+23 Laps,119,1994,0,1
+23 Laps,119,1995,0,1
+23 Laps,119,1996,0,1
+23 Laps,119,1997,0,1
+23 Laps,119,1998,0,1
+23 Laps,119,1999,0,1
+23 Laps,119,2000,0,1
+23 Laps,119,2001,0,1
+23 Laps,119,2002,0,1
+23 Laps,119,2003,0,1
+23 Laps,119,2004,0,1
+23 Laps,119,2005,0,1
+23 Laps,119,2006,0,1
+23 Laps,119,2007,0,1
+23 Laps,119,2008,0,1
+23 Laps,119,2009,0,1
+23 Laps,119,2010,0,1
+23 Laps,119,2011,0,1
+23 Laps,119,2012,0,1
+23 Laps,119,2013,0,1
+23 Laps,119,2014,0,1
+23 Laps,119,2015,0,1
+23 Laps,119,2016,0,1
+23 Laps,119,2017,0,1
+23 Laps,119,2018,0,1
+23 Laps,119,2019,0,1
+23 Laps,119,2020,0,1
+23 Laps,119,2021,0,1
+23 Laps,119,2022,0,1
+21 Laps,120,1950,0,0
+21 Laps,120,1951,0,0
+21 Laps,120,1952,0,0
+21 Laps,120,1953,0,0
+21 Laps,120,1954,0,0
+21 Laps,120,1955,0,0
+21 Laps,120,1956,0,0
+21 Laps,120,1957,0,0
+21 Laps,120,1958,0,0
+21 Laps,120,1959,0,0
+21 Laps,120,1960,0,0
+21 Laps,120,1961,0,0
+21 Laps,120,1962,1,1
+21 Laps,120,1963,0,1
+21 Laps,120,1964,0,1
+21 Laps,120,1965,0,1
+21 Laps,120,1966,0,1
+21 Laps,120,1967,0,1
+21 Laps,120,1968,0,1
+21 Laps,120,1969,0,1
+21 Laps,120,1970,0,1
+21 Laps,120,1971,0,1
+21 Laps,120,1972,0,1
+21 Laps,120,1973,0,1
+21 Laps,120,1974,0,1
+21 Laps,120,1975,0,1
+21 Laps,120,1976,0,1
+21 Laps,120,1977,0,1
+21 Laps,120,1978,0,1
+21 Laps,120,1979,0,1
+21 Laps,120,1980,0,1
+21 Laps,120,1981,0,1
+21 Laps,120,1982,0,1
+21 Laps,120,1983,0,1
+21 Laps,120,1984,0,1
+21 Laps,120,1985,0,1
+21 Laps,120,1986,0,1
+21 Laps,120,1987,0,1
+21 Laps,120,1988,0,1
+21 Laps,120,1989,0,1
+21 Laps,120,1990,0,1
+21 Laps,120,1991,0,1
+21 Laps,120,1992,0,1
+21 Laps,120,1993,0,1
+21 Laps,120,1994,0,1
+21 Laps,120,1995,0,1
+21 Laps,120,1996,0,1
+21 Laps,120,1997,0,1
+21 Laps,120,1998,0,1
+21 Laps,120,1999,0,1
+21 Laps,120,2000,0,1
+21 Laps,120,2001,0,1
+21 Laps,120,2002,0,1
+21 Laps,120,2003,0,1
+21 Laps,120,2004,0,1
+21 Laps,120,2005,0,1
+21 Laps,120,2006,0,1
+21 Laps,120,2007,0,1
+21 Laps,120,2008,0,1
+21 Laps,120,2009,0,1
+21 Laps,120,2010,0,1
+21 Laps,120,2011,0,1
+21 Laps,120,2012,0,1
+21 Laps,120,2013,0,1
+21 Laps,120,2014,0,1
+21 Laps,120,2015,0,1
+21 Laps,120,2016,0,1
+21 Laps,120,2017,0,1
+21 Laps,120,2018,0,1
+21 Laps,120,2019,0,1
+21 Laps,120,2020,0,1
+21 Laps,120,2021,0,1
+21 Laps,120,2022,0,1
Magneto,121,1950,0,0
Magneto,121,1951,5,5
Magneto,121,1952,4,9
Magneto,121,1953,4,13
Magneto,121,1954,0,13
Magneto,121,1955,2,15
Magneto,121,1956,1,16
Magneto,121,1957,0,16
Magneto,121,1958,3,19
Magneto,121,1959,3,22
Magneto,121,1960,3,25
Magneto,121,1961,1,26
Magneto,121,1962,0,26
Magneto,121,1963,0,26
Magneto,121,1964,0,26
Magneto,121,1965,0,26
Magneto,121,1966,0,26
Magneto,121,1967,0,26
Magneto,121,1968,0,26
Magneto,121,1969,0,26
Magneto,121,1970,0,26
Magneto,121,1971,0,26
Magneto,121,1972,0,26
Magneto,121,1973,0,26
Magneto,121,1974,0,26
Magneto,121,1975,0,26
Magneto,121,1976,0,26
Magneto,121,1977,0,26
Magneto,121,1978,0,26
Magneto,121,1979,0,26
Magneto,121,1980,0,26
Magneto,121,1981,0,26
Magneto,121,1982,0,26
Magneto,121,1983,0,26
Magneto,121,1984,0,26
Magneto,121,1985,0,26
Magneto,121,1986,0,26
Magneto,121,1987,0,26
Magneto,121,1988,0,26
Magneto,121,1989,0,26
Magneto,121,1990,0,26
Magneto,121,1991,0,26
Magneto,121,1992,0,26
Magneto,121,1993,0,26
Magneto,121,1994,0,26
Magneto,121,1995,0,26
Magneto,121,1996,0,26
Magneto,121,1997,0,26
Magneto,121,1998,0,26
Magneto,121,1999,0,26
Magneto,121,2000,0,26
Magneto,121,2001,0,26
Magneto,121,2002,0,26
Magneto,121,2003,0,26
Magneto,121,2004,0,26
Magneto,121,2005,0,26
Magneto,121,2006,0,26
Magneto,121,2007,0,26
Magneto,121,2008,0,26
Magneto,121,2009,0,26
Magneto,121,2010,0,26
Magneto,121,2011,0,26
Magneto,121,2012,0,26
Magneto,121,2013,0,26
Magneto,121,2014,0,26
Magneto,121,2015,0,26
Magneto,121,2016,0,26
Magneto,121,2017,0,26
Magneto,121,2018,0,26
Magneto,121,2019,0,26
Magneto,121,2020,0,26
Magneto,121,2021,0,26
Magneto,121,2022,0,26
+44 Laps,122,1950,0,0
+44 Laps,122,1951,0,0
+44 Laps,122,1952,0,0
+44 Laps,122,1953,0,0
+44 Laps,122,1954,0,0
+44 Laps,122,1955,0,0
+44 Laps,122,1956,0,0
+44 Laps,122,1957,0,0
+44 Laps,122,1958,0,0
+44 Laps,122,1959,0,0
+44 Laps,122,1960,1,1
+44 Laps,122,1961,0,1
+44 Laps,122,1962,0,1
+44 Laps,122,1963,0,1
+44 Laps,122,1964,0,1
+44 Laps,122,1965,0,1
+44 Laps,122,1966,0,1
+44 Laps,122,1967,0,1
+44 Laps,122,1968,0,1
+44 Laps,122,1969,0,1
+44 Laps,122,1970,0,1
+44 Laps,122,1971,0,1
+44 Laps,122,1972,0,1
+44 Laps,122,1973,0,1
+44 Laps,122,1974,0,1
+44 Laps,122,1975,0,1
+44 Laps,122,1976,0,1
+44 Laps,122,1977,0,1
+44 Laps,122,1978,0,1
+44 Laps,122,1979,0,1
+44 Laps,122,1980,0,1
+44 Laps,122,1981,0,1
+44 Laps,122,1982,0,1
+44 Laps,122,1983,0,1
+44 Laps,122,1984,0,1
+44 Laps,122,1985,0,1
+44 Laps,122,1986,0,1
+44 Laps,122,1987,0,1
+44 Laps,122,1988,0,1
+44 Laps,122,1989,0,1
+44 Laps,122,1990,0,1
+44 Laps,122,1991,0,1
+44 Laps,122,1992,0,1
+44 Laps,122,1993,0,1
+44 Laps,122,1994,0,1
+44 Laps,122,1995,0,1
+44 Laps,122,1996,0,1
+44 Laps,122,1997,0,1
+44 Laps,122,1998,0,1
+44 Laps,122,1999,0,1
+44 Laps,122,2000,0,1
+44 Laps,122,2001,0,1
+44 Laps,122,2002,0,1
+44 Laps,122,2003,0,1
+44 Laps,122,2004,0,1
+44 Laps,122,2005,0,1
+44 Laps,122,2006,0,1
+44 Laps,122,2007,0,1
+44 Laps,122,2008,0,1
+44 Laps,122,2009,0,1
+44 Laps,122,2010,0,1
+44 Laps,122,2011,0,1
+44 Laps,122,2012,0,1
+44 Laps,122,2013,0,1
+44 Laps,122,2014,0,1
+44 Laps,122,2015,0,1
+44 Laps,122,2016,0,1
+44 Laps,122,2017,0,1
+44 Laps,122,2018,0,1
+44 Laps,122,2019,0,1
+44 Laps,122,2020,0,1
+44 Laps,122,2021,0,1
+44 Laps,122,2022,0,1
+30 Laps,123,1950,0,0
+30 Laps,123,1951,0,0
+30 Laps,123,1952,0,0
+30 Laps,123,1953,0,0
+30 Laps,123,1954,0,0
+30 Laps,123,1955,0,0
+30 Laps,123,1956,0,0
+30 Laps,123,1957,0,0
+30 Laps,123,1958,0,0
+30 Laps,123,1959,0,0
+30 Laps,123,1960,1,1
+30 Laps,123,1961,0,1
+30 Laps,123,1962,0,1
+30 Laps,123,1963,0,1
+30 Laps,123,1964,0,1
+30 Laps,123,1965,0,1
+30 Laps,123,1966,0,1
+30 Laps,123,1967,0,1
+30 Laps,123,1968,0,1
+30 Laps,123,1969,0,1
+30 Laps,123,1970,0,1
+30 Laps,123,1971,0,1
+30 Laps,123,1972,0,1
+30 Laps,123,1973,0,1
+30 Laps,123,1974,0,1
+30 Laps,123,1975,0,1
+30 Laps,123,1976,0,1
+30 Laps,123,1977,0,1
+30 Laps,123,1978,0,1
+30 Laps,123,1979,0,1
+30 Laps,123,1980,0,1
+30 Laps,123,1981,0,1
+30 Laps,123,1982,0,1
+30 Laps,123,1983,0,1
+30 Laps,123,1984,0,1
+30 Laps,123,1985,0,1
+30 Laps,123,1986,0,1
+30 Laps,123,1987,0,1
+30 Laps,123,1988,0,1
+30 Laps,123,1989,0,1
+30 Laps,123,1990,0,1
+30 Laps,123,1991,0,1
+30 Laps,123,1992,0,1
+30 Laps,123,1993,0,1
+30 Laps,123,1994,0,1
+30 Laps,123,1995,0,1
+30 Laps,123,1996,0,1
+30 Laps,123,1997,0,1
+30 Laps,123,1998,0,1
+30 Laps,123,1999,0,1
+30 Laps,123,2000,0,1
+30 Laps,123,2001,0,1
+30 Laps,123,2002,0,1
+30 Laps,123,2003,0,1
+30 Laps,123,2004,0,1
+30 Laps,123,2005,0,1
+30 Laps,123,2006,0,1
+30 Laps,123,2007,0,1
+30 Laps,123,2008,0,1
+30 Laps,123,2009,0,1
+30 Laps,123,2010,0,1
+30 Laps,123,2011,0,1
+30 Laps,123,2012,0,1
+30 Laps,123,2013,0,1
+30 Laps,123,2014,0,1
+30 Laps,123,2015,0,1
+30 Laps,123,2016,0,1
+30 Laps,123,2017,0,1
+30 Laps,123,2018,0,1
+30 Laps,123,2019,0,1
+30 Laps,123,2020,0,1
+30 Laps,123,2021,0,1
+30 Laps,123,2022,0,1
+19 Laps,124,1950,0,0
+19 Laps,124,1951,1,1
+19 Laps,124,1952,0,1
+19 Laps,124,1953,0,1
+19 Laps,124,1954,0,1
+19 Laps,124,1955,1,2
+19 Laps,124,1956,0,2
+19 Laps,124,1957,1,3
+19 Laps,124,1958,0,3
+19 Laps,124,1959,0,3
+19 Laps,124,1960,0,3
+19 Laps,124,1961,0,3
+19 Laps,124,1962,0,3
+19 Laps,124,1963,1,4
+19 Laps,124,1964,0,4
+19 Laps,124,1965,0,4
+19 Laps,124,1966,0,4
+19 Laps,124,1967,0,4
+19 Laps,124,1968,0,4
+19 Laps,124,1969,0,4
+19 Laps,124,1970,0,4
+19 Laps,124,1971,0,4
+19 Laps,124,1972,0,4
+19 Laps,124,1973,0,4
+19 Laps,124,1974,0,4
+19 Laps,124,1975,0,4
+19 Laps,124,1976,0,4
+19 Laps,124,1977,0,4
+19 Laps,124,1978,0,4
+19 Laps,124,1979,0,4
+19 Laps,124,1980,0,4
+19 Laps,124,1981,0,4
+19 Laps,124,1982,0,4
+19 Laps,124,1983,0,4
+19 Laps,124,1984,0,4
+19 Laps,124,1985,0,4
+19 Laps,124,1986,0,4
+19 Laps,124,1987,0,4
+19 Laps,124,1988,0,4
+19 Laps,124,1989,0,4
+19 Laps,124,1990,0,4
+19 Laps,124,1991,0,4
+19 Laps,124,1992,0,4
+19 Laps,124,1993,0,4
+19 Laps,124,1994,0,4
+19 Laps,124,1995,0,4
+19 Laps,124,1996,0,4
+19 Laps,124,1997,0,4
+19 Laps,124,1998,0,4
+19 Laps,124,1999,0,4
+19 Laps,124,2000,0,4
+19 Laps,124,2001,0,4
+19 Laps,124,2002,0,4
+19 Laps,124,2003,0,4
+19 Laps,124,2004,0,4
+19 Laps,124,2005,0,4
+19 Laps,124,2006,0,4
+19 Laps,124,2007,0,4
+19 Laps,124,2008,0,4
+19 Laps,124,2009,0,4
+19 Laps,124,2010,0,4
+19 Laps,124,2011,0,4
+19 Laps,124,2012,0,4
+19 Laps,124,2013,0,4
+19 Laps,124,2014,0,4
+19 Laps,124,2015,0,4
+19 Laps,124,2016,0,4
+19 Laps,124,2017,0,4
+19 Laps,124,2018,0,4
+19 Laps,124,2019,0,4
+19 Laps,124,2020,0,4
+19 Laps,124,2021,0,4
+19 Laps,124,2022,0,4
+46 Laps,125,1950,0,0
+46 Laps,125,1951,0,0
+46 Laps,125,1952,0,0
+46 Laps,125,1953,0,0
+46 Laps,125,1954,1,1
+46 Laps,125,1955,0,1
+46 Laps,125,1956,0,1
+46 Laps,125,1957,0,1
+46 Laps,125,1958,0,1
+46 Laps,125,1959,0,1
+46 Laps,125,1960,0,1
+46 Laps,125,1961,0,1
+46 Laps,125,1962,0,1
+46 Laps,125,1963,0,1
+46 Laps,125,1964,0,1
+46 Laps,125,1965,0,1
+46 Laps,125,1966,0,1
+46 Laps,125,1967,0,1
+46 Laps,125,1968,0,1
+46 Laps,125,1969,0,1
+46 Laps,125,1970,0,1
+46 Laps,125,1971,0,1
+46 Laps,125,1972,0,1
+46 Laps,125,1973,0,1
+46 Laps,125,1974,0,1
+46 Laps,125,1975,0,1
+46 Laps,125,1976,0,1
+46 Laps,125,1977,0,1
+46 Laps,125,1978,0,1
+46 Laps,125,1979,0,1
+46 Laps,125,1980,0,1
+46 Laps,125,1981,0,1
+46 Laps,125,1982,0,1
+46 Laps,125,1983,0,1
+46 Laps,125,1984,0,1
+46 Laps,125,1985,0,1
+46 Laps,125,1986,0,1
+46 Laps,125,1987,0,1
+46 Laps,125,1988,0,1
+46 Laps,125,1989,0,1
+46 Laps,125,1990,0,1
+46 Laps,125,1991,0,1
+46 Laps,125,1992,0,1
+46 Laps,125,1993,0,1
+46 Laps,125,1994,0,1
+46 Laps,125,1995,0,1
+46 Laps,125,1996,0,1
+46 Laps,125,1997,0,1
+46 Laps,125,1998,0,1
+46 Laps,125,1999,0,1
+46 Laps,125,2000,0,1
+46 Laps,125,2001,0,1
+46 Laps,125,2002,0,1
+46 Laps,125,2003,0,1
+46 Laps,125,2004,0,1
+46 Laps,125,2005,0,1
+46 Laps,125,2006,0,1
+46 Laps,125,2007,0,1
+46 Laps,125,2008,0,1
+46 Laps,125,2009,0,1
+46 Laps,125,2010,0,1
+46 Laps,125,2011,0,1
+46 Laps,125,2012,0,1
+46 Laps,125,2013,0,1
+46 Laps,125,2014,0,1
+46 Laps,125,2015,0,1
+46 Laps,125,2016,0,1
+46 Laps,125,2017,0,1
+46 Laps,125,2018,0,1
+46 Laps,125,2019,0,1
+46 Laps,125,2020,0,1
+46 Laps,125,2021,0,1
+46 Laps,125,2022,0,1
Supercharger,126,1950,2,2
Supercharger,126,1951,1,3
Supercharger,126,1952,2,5
Supercharger,126,1953,0,5
Supercharger,126,1954,0,5
Supercharger,126,1955,0,5
Supercharger,126,1956,0,5
Supercharger,126,1957,0,5
Supercharger,126,1958,0,5
Supercharger,126,1959,0,5
Supercharger,126,1960,0,5
Supercharger,126,1961,0,5
Supercharger,126,1962,0,5
Supercharger,126,1963,0,5
Supercharger,126,1964,0,5
Supercharger,126,1965,0,5
Supercharger,126,1966,0,5
Supercharger,126,1967,0,5
Supercharger,126,1968,0,5
Supercharger,126,1969,0,5
Supercharger,126,1970,0,5
Supercharger,126,1971,0,5
Supercharger,126,1972,0,5
Supercharger,126,1973,0,5
Supercharger,126,1974,0,5
Supercharger,126,1975,0,5
Supercharger,126,1976,0,5
Supercharger,126,1977,0,5
Supercharger,126,1978,0,5
Supercharger,126,1979,0,5
Supercharger,126,1980,0,5
Supercharger,126,1981,0,5
Supercharger,126,1982,0,5
Supercharger,126,1983,0,5
Supercharger,126,1984,0,5
Supercharger,126,1985,0,5
Supercharger,126,1986,0,5
Supercharger,126,1987,0,5
Supercharger,126,1988,0,5
Supercharger,126,1989,0,5
Supercharger,126,1990,0,5
Supercharger,126,1991,0,5
Supercharger,126,1992,0,5
Supercharger,126,1993,0,5
Supercharger,126,1994,0,5
Supercharger,126,1995,0,5
Supercharger,126,1996,0,5
Supercharger,126,1997,0,5
Supercharger,126,1998,0,5
Supercharger,126,1999,0,5
Supercharger,126,2000,0,5
Supercharger,126,2001,0,5
Supercharger,126,2002,0,5
Supercharger,126,2003,0,5
Supercharger,126,2004,0,5
Supercharger,126,2005,0,5
Supercharger,126,2006,0,5
Supercharger,126,2007,0,5
Supercharger,126,2008,0,5
Supercharger,126,2009,0,5
Supercharger,126,2010,0,5
Supercharger,126,2011,0,5
Supercharger,126,2012,0,5
Supercharger,126,2013,0,5
Supercharger,126,2014,0,5
Supercharger,126,2015,0,5
Supercharger,126,2016,0,5
Supercharger,126,2017,0,5
Supercharger,126,2018,0,5
Supercharger,126,2019,0,5
Supercharger,126,2020,0,5
Supercharger,126,2021,0,5
Supercharger,126,2022,0,5
+20 Laps,127,1950,0,0
+20 Laps,127,1951,1,1
+20 Laps,127,1952,0,1
+20 Laps,127,1953,0,1
+20 Laps,127,1954,0,1
+20 Laps,127,1955,0,1
+20 Laps,127,1956,0,1
+20 Laps,127,1957,0,1
+20 Laps,127,1958,0,1
+20 Laps,127,1959,0,1
+20 Laps,127,1960,0,1
+20 Laps,127,1961,0,1
+20 Laps,127,1962,0,1
+20 Laps,127,1963,0,1
+20 Laps,127,1964,0,1
+20 Laps,127,1965,0,1
+20 Laps,127,1966,0,1
+20 Laps,127,1967,0,1
+20 Laps,127,1968,0,1
+20 Laps,127,1969,0,1
+20 Laps,127,1970,0,1
+20 Laps,127,1971,0,1
+20 Laps,127,1972,0,1
+20 Laps,127,1973,0,1
+20 Laps,127,1974,0,1
+20 Laps,127,1975,0,1
+20 Laps,127,1976,0,1
+20 Laps,127,1977,0,1
+20 Laps,127,1978,0,1
+20 Laps,127,1979,0,1
+20 Laps,127,1980,0,1
+20 Laps,127,1981,0,1
+20 Laps,127,1982,0,1
+20 Laps,127,1983,0,1
+20 Laps,127,1984,0,1
+20 Laps,127,1985,0,1
+20 Laps,127,1986,0,1
+20 Laps,127,1987,0,1
+20 Laps,127,1988,0,1
+20 Laps,127,1989,0,1
+20 Laps,127,1990,0,1
+20 Laps,127,1991,0,1
+20 Laps,127,1992,0,1
+20 Laps,127,1993,0,1
+20 Laps,127,1994,0,1
+20 Laps,127,1995,0,1
+20 Laps,127,1996,0,1
+20 Laps,127,1997,0,1
+20 Laps,127,1998,0,1
+20 Laps,127,1999,0,1
+20 Laps,127,2000,0,1
+20 Laps,127,2001,0,1
+20 Laps,127,2002,0,1
+20 Laps,127,2003,0,1
+20 Laps,127,2004,0,1
+20 Laps,127,2005,0,1
+20 Laps,127,2006,0,1
+20 Laps,127,2007,0,1
+20 Laps,127,2008,0,1
+20 Laps,127,2009,0,1
+20 Laps,127,2010,0,1
+20 Laps,127,2011,0,1
+20 Laps,127,2012,0,1
+20 Laps,127,2013,0,1
+20 Laps,127,2014,0,1
+20 Laps,127,2015,0,1
+20 Laps,127,2016,0,1
+20 Laps,127,2017,0,1
+20 Laps,127,2018,0,1
+20 Laps,127,2019,0,1
+20 Laps,127,2020,0,1
+20 Laps,127,2021,0,1
+20 Laps,127,2022,0,1
Collision damage,128,1950,0,0
Collision damage,128,1951,0,0
Collision damage,128,1952,0,0
Collision damage,128,1953,0,0
Collision damage,128,1954,0,0
Collision damage,128,1955,0,0
Collision damage,128,1956,0,0
Collision damage,128,1957,0,0
Collision damage,128,1958,0,0
Collision damage,128,1959,0,0
Collision damage,128,1960,0,0
Collision damage,128,1961,0,0
Collision damage,128,1962,0,0
Collision damage,128,1963,0,0
Collision damage,128,1964,0,0
Collision damage,128,1965,0,0
Collision damage,128,1966,0,0
Collision damage,128,1967,0,0
Collision damage,128,1968,0,0
Collision damage,128,1969,0,0
Collision damage,128,1970,0,0
Collision damage,128,1971,0,0
Collision damage,128,1972,0,0
Collision damage,128,1973,0,0
Collision damage,128,1974,0,0
Collision damage,128,1975,0,0
Collision damage,128,1976,0,0
Collision damage,128,1977,0,0
Collision damage,128,1978,0,0
Collision damage,128,1979,0,0
Collision damage,128,1980,0,0
Collision damage,128,1981,0,0
Collision damage,128,1982,0,0
Collision damage,128,1983,0,0
Collision damage,128,1984,0,0
Collision damage,128,1985,0,0
Collision damage,128,1986,0,0
Collision damage,128,1987,0,0
Collision damage,128,1988,0,0
Collision damage,128,1989,0,0
Collision damage,128,1990,0,0
Collision damage,128,1991,0,0
Collision damage,128,1992,0,0
Collision damage,128,1993,0,0
Collision damage,128,1994,0,0
Collision damage,128,1995,0,0
Collision damage,128,1996,0,0
Collision damage,128,1997,0,0
Collision damage,128,1998,0,0
Collision damage,128,1999,0,0
Collision damage,128,2000,0,0
Collision damage,128,2001,0,0
Collision damage,128,2002,0,0
Collision damage,128,2003,0,0
Collision damage,128,2004,0,0
Collision damage,128,2005,0,0
Collision damage,128,2006,0,0
Collision damage,128,2007,0,0
Collision damage,128,2008,0,0
Collision damage,128,2009,0,0
Collision damage,128,2010,0,0
Collision damage,128,2011,1,1
Collision damage,128,2012,0,1
Collision damage,128,2013,0,1
Collision damage,128,2014,0,1
Collision damage,128,2015,0,1
Collision damage,128,2016,0,1
Collision damage,128,2017,0,1
Collision damage,128,2018,0,1
Collision damage,128,2019,0,1
Collision damage,128,2020,0,1
Collision damage,128,2021,0,1
Collision damage,128,2022,0,1
Power Unit,129,1950,0,0
Power Unit,129,1951,0,0
Power Unit,129,1952,0,0
Power Unit,129,1953,0,0
Power Unit,129,1954,0,0
Power Unit,129,1955,0,0
Power Unit,129,1956,0,0
Power Unit,129,1957,0,0
Power Unit,129,1958,0,0
Power Unit,129,1959,0,0
Power Unit,129,1960,0,0
Power Unit,129,1961,0,0
Power Unit,129,1962,0,0
Power Unit,129,1963,0,0
Power Unit,129,1964,0,0
Power Unit,129,1965,0,0
Power Unit,129,1966,0,0
Power Unit,129,1967,0,0
Power Unit,129,1968,0,0
Power Unit,129,1969,0,0
Power Unit,129,1970,0,0
Power Unit,129,1971,0,0
Power Unit,129,1972,0,0
Power Unit,129,1973,0,0
Power Unit,129,1974,0,0
Power Unit,129,1975,0,0
Power Unit,129,1976,0,0
Power Unit,129,1977,0,0
Power Unit,129,1978,0,0
Power Unit,129,1979,0,0
Power Unit,129,1980,0,0
Power Unit,129,1981,0,0
Power Unit,129,1982,0,0
Power Unit,129,1983,0,0
Power Unit,129,1984,0,0
Power Unit,129,1985,0,0
Power Unit,129,1986,0,0
Power Unit,129,1987,0,0
Power Unit,129,1988,0,0
Power Unit,129,1989,0,0
Power Unit,129,1990,0,0
Power Unit,129,1991,0,0
Power Unit,129,1992,0,0
Power Unit,129,1993,0,0
Power Unit,129,1994,0,0
Power Unit,129,1995,0,0
Power Unit,129,1996,0,0
Power Unit,129,1997,0,0
Power Unit,129,1998,0,0
Power Unit,129,1999,0,0
Power Unit,129,2000,0,0
Power Unit,129,2001,0,0
Power Unit,129,2002,0,0
Power Unit,129,2003,0,0
Power Unit,129,2004,0,0
Power Unit,129,2005,0,0
Power Unit,129,2006,0,0
Power Unit,129,2007,0,0
Power Unit,129,2008,0,0
Power Unit,129,2009,0,0
Power Unit,129,2010,0,0
Power Unit,129,2011,1,1
Power Unit,129,2012,0,1
Power Unit,129,2013,0,1
Power Unit,129,2014,0,1
Power Unit,129,2015,0,1
Power Unit,129,2016,0,1
Power Unit,129,2017,0,1
Power Unit,129,2018,0,1
Power Unit,129,2019,0,1
Power Unit,129,2020,0,1
Power Unit,129,2021,0,1
Power Unit,129,2022,0,1
ERS,130,1950,0,0
ERS,130,1951,0,0
ERS,130,1952,0,0
ERS,130,1953,0,0
ERS,130,1954,0,0
ERS,130,1955,0,0
ERS,130,1956,0,0
ERS,130,1957,0,0
ERS,130,1958,0,0
ERS,130,1959,0,0
ERS,130,1960,0,0
ERS,130,1961,0,0
ERS,130,1962,0,0
ERS,130,1963,0,0
ERS,130,1964,0,0
ERS,130,1965,0,0
ERS,130,1966,0,0
ERS,130,1967,0,0
ERS,130,1968,0,0
ERS,130,1969,0,0
ERS,130,1970,0,0
ERS,130,1971,0,0
ERS,130,1972,0,0
ERS,130,1973,0,0
ERS,130,1974,0,0
ERS,130,1975,0,0
ERS,130,1976,0,0
ERS,130,1977,0,0
ERS,130,1978,0,0
ERS,130,1979,0,0
ERS,130,1980,0,0
ERS,130,1981,0,0
ERS,130,1982,0,0
ERS,130,1983,0,0
ERS,130,1984,0,0
ERS,130,1985,0,0
ERS,130,1986,0,0
ERS,130,1987,0,0
ERS,130,1988,0,0
ERS,130,1989,0,0
ERS,130,1990,0,0
ERS,130,1991,0,0
ERS,130,1992,0,0
ERS,130,1993,0,0
ERS,130,1994,0,0
ERS,130,1995,0,0
ERS,130,1996,0,0
ERS,130,1997,0,0
ERS,130,1998,0,0
ERS,130,1999,0,0
ERS,130,2000,0,0
ERS,130,2001,0,0
ERS,130,2002,0,0
ERS,130,2003,0,0
ERS,130,2004,0,0
ERS,130,2005,0,0
ERS,130,2006,0,0
ERS,130,2007,0,0
ERS,130,2008,0,0
ERS,130,2009,0,0
ERS,130,2010,0,0
ERS,130,2011,0,0
ERS,130,2012,1,1
ERS,130,2013,0,1
ERS,130,2014,1,2
ERS,130,2015,2,4
ERS,130,2016,6,10
ERS,130,2017,8,18
ERS,130,2018,5,23
ERS,130,2019,2,25
ERS,130,2020,5,30
ERS,130,2021,3,33
ERS,130,2022,0,33
+49 Laps,131,1950,0,0
+49 Laps,131,1951,0,0
+49 Laps,131,1952,0,0
+49 Laps,131,1953,0,0
+49 Laps,131,1954,0,0
+49 Laps,131,1955,0,0
+49 Laps,131,1956,0,0
+49 Laps,131,1957,0,0
+49 Laps,131,1958,0,0
+49 Laps,131,1959,0,0
+49 Laps,131,1960,0,0
+49 Laps,131,1961,0,0
+49 Laps,131,1962,0,0
+49 Laps,131,1963,0,0
+49 Laps,131,1964,0,0
+49 Laps,131,1965,0,0
+49 Laps,131,1966,0,0
+49 Laps,131,1967,0,0
+49 Laps,131,1968,0,0
+49 Laps,131,1969,0,0
+49 Laps,131,1970,0,0
+49 Laps,131,1971,0,0
+49 Laps,131,1972,0,0
+49 Laps,131,1973,0,0
+49 Laps,131,1974,0,0
+49 Laps,131,1975,0,0
+49 Laps,131,1976,0,0
+49 Laps,131,1977,0,0
+49 Laps,131,1978,0,0
+49 Laps,131,1979,0,0
+49 Laps,131,1980,0,0
+49 Laps,131,1981,0,0
+49 Laps,131,1982,0,0
+49 Laps,131,1983,0,0
+49 Laps,131,1984,0,0
+49 Laps,131,1985,0,0
+49 Laps,131,1986,0,0
+49 Laps,131,1987,0,0
+49 Laps,131,1988,0,0
+49 Laps,131,1989,0,0
+49 Laps,131,1990,0,0
+49 Laps,131,1991,0,0
+49 Laps,131,1992,0,0
+49 Laps,131,1993,0,0
+49 Laps,131,1994,0,0
+49 Laps,131,1995,0,0
+49 Laps,131,1996,0,0
+49 Laps,131,1997,0,0
+49 Laps,131,1998,0,0
+49 Laps,131,1999,0,0
+49 Laps,131,2000,0,0
+49 Laps,131,2001,0,0
+49 Laps,131,2002,0,0
+49 Laps,131,2003,0,0
+49 Laps,131,2004,0,0
+49 Laps,131,2005,0,0
+49 Laps,131,2006,0,0
+49 Laps,131,2007,0,0
+49 Laps,131,2008,0,0
+49 Laps,131,2009,0,0
+49 Laps,131,2010,0,0
+49 Laps,131,2011,0,0
+49 Laps,131,2012,0,0
+49 Laps,131,2013,0,0
+49 Laps,131,2014,6,6
+49 Laps,131,2015,5,11
+49 Laps,131,2016,5,16
+49 Laps,131,2017,9,25
+49 Laps,131,2018,1,26
+49 Laps,131,2019,2,28
+49 Laps,131,2020,5,33
+49 Laps,131,2021,2,35
+49 Laps,131,2022,1,36
+38 Laps,132,1950,0,0
+38 Laps,132,1951,0,0
+38 Laps,132,1952,0,0
+38 Laps,132,1953,0,0
+38 Laps,132,1954,0,0
+38 Laps,132,1955,0,0
+38 Laps,132,1956,0,0
+38 Laps,132,1957,0,0
+38 Laps,132,1958,0,0
+38 Laps,132,1959,0,0
+38 Laps,132,1960,0,0
+38 Laps,132,1961,0,0
+38 Laps,132,1962,0,0
+38 Laps,132,1963,0,0
+38 Laps,132,1964,0,0
+38 Laps,132,1965,0,0
+38 Laps,132,1966,0,0
+38 Laps,132,1967,0,0
+38 Laps,132,1968,0,0
+38 Laps,132,1969,0,0
+38 Laps,132,1970,0,0
+38 Laps,132,1971,0,0
+38 Laps,132,1972,0,0
+38 Laps,132,1973,0,0
+38 Laps,132,1974,0,0
+38 Laps,132,1975,0,0
+38 Laps,132,1976,0,0
+38 Laps,132,1977,0,0
+38 Laps,132,1978,0,0
+38 Laps,132,1979,0,0
+38 Laps,132,1980,0,0
+38 Laps,132,1981,0,0
+38 Laps,132,1982,0,0
+38 Laps,132,1983,0,0
+38 Laps,132,1984,0,0
+38 Laps,132,1985,0,0
+38 Laps,132,1986,0,0
+38 Laps,132,1987,0,0
+38 Laps,132,1988,0,0
+38 Laps,132,1989,0,0
+38 Laps,132,1990,0,0
+38 Laps,132,1991,0,0
+38 Laps,132,1992,0,0
+38 Laps,132,1993,0,0
+38 Laps,132,1994,0,0
+38 Laps,132,1995,0,0
+38 Laps,132,1996,0,0
+38 Laps,132,1997,0,0
+38 Laps,132,1998,0,0
+38 Laps,132,1999,0,0
+38 Laps,132,2000,0,0
+38 Laps,132,2001,0,0
+38 Laps,132,2002,0,0
+38 Laps,132,2003,0,0
+38 Laps,132,2004,0,0
+38 Laps,132,2005,0,0
+38 Laps,132,2006,0,0
+38 Laps,132,2007,0,0
+38 Laps,132,2008,0,0
+38 Laps,132,2009,0,0
+38 Laps,132,2010,0,0
+38 Laps,132,2011,0,0
+38 Laps,132,2012,0,0
+38 Laps,132,2013,0,0
+38 Laps,132,2014,3,3
+38 Laps,132,2015,2,5
+38 Laps,132,2016,0,5
+38 Laps,132,2017,0,5
+38 Laps,132,2018,0,5
+38 Laps,132,2019,0,5
+38 Laps,132,2020,0,5
+38 Laps,132,2021,0,5
+38 Laps,132,2022,0,5
Brake duct,133,1950,0,0
Brake duct,133,1951,0,0
Brake duct,133,1952,0,0
Brake duct,133,1953,0,0
Brake duct,133,1954,0,0
Brake duct,133,1955,0,0
Brake duct,133,1956,0,0
Brake duct,133,1957,0,0
Brake duct,133,1958,0,0
Brake duct,133,1959,0,0
Brake duct,133,1960,0,0
Brake duct,133,1961,0,0
Brake duct,133,1962,0,0
Brake duct,133,1963,0,0
Brake duct,133,1964,0,0
Brake duct,133,1965,0,0
Brake duct,133,1966,0,0
Brake duct,133,1967,0,0
Brake duct,133,1968,0,0
Brake duct,133,1969,0,0
Brake duct,133,1970,0,0
Brake duct,133,1971,0,0
Brake duct,133,1972,0,0
Brake duct,133,1973,0,0
Brake duct,133,1974,0,0
Brake duct,133,1975,0,0
Brake duct,133,1976,0,0
Brake duct,133,1977,0,0
Brake duct,133,1978,0,0
Brake duct,133,1979,0,0
Brake duct,133,1980,0,0
Brake duct,133,1981,0,0
Brake duct,133,1982,0,0
Brake duct,133,1983,0,0
Brake duct,133,1984,0,0
Brake duct,133,1985,0,0
Brake duct,133,1986,0,0
Brake duct,133,1987,0,0
Brake duct,133,1988,0,0
Brake duct,133,1989,0,0
Brake duct,133,1990,0,0
Brake duct,133,1991,0,0
Brake duct,133,1992,0,0
Brake duct,133,1993,0,0
Brake duct,133,1994,0,0
Brake duct,133,1995,0,0
Brake duct,133,1996,0,0
Brake duct,133,1997,0,0
Brake duct,133,1998,0,0
Brake duct,133,1999,0,0
Brake duct,133,2000,0,0
Brake duct,133,2001,0,0
Brake duct,133,2002,0,0
Brake duct,133,2003,0,0
Brake duct,133,2004,0,0
Brake duct,133,2005,0,0
Brake duct,133,2006,0,0
Brake duct,133,2007,0,0
Brake duct,133,2008,0,0
Brake duct,133,2009,0,0
Brake duct,133,2010,0,0
Brake duct,133,2011,0,0
Brake duct,133,2012,0,0
Brake duct,133,2013,0,0
Brake duct,133,2014,0,0
Brake duct,133,2015,0,0
Brake duct,133,2016,0,0
Brake duct,133,2017,0,0
Brake duct,133,2018,0,0
Brake duct,133,2019,0,0
Brake duct,133,2020,0,0
Brake duct,133,2021,0,0
Brake duct,133,2022,0,0
Seat,134,1950,0,0
Seat,134,1951,0,0
Seat,134,1952,0,0
Seat,134,1953,0,0
Seat,134,1954,0,0
Seat,134,1955,0,0
Seat,134,1956,0,0
Seat,134,1957,0,0
Seat,134,1958,0,0
Seat,134,1959,0,0
Seat,134,1960,0,0
Seat,134,1961,0,0
Seat,134,1962,0,0
Seat,134,1963,0,0
Seat,134,1964,0,0
Seat,134,1965,0,0
Seat,134,1966,0,0
Seat,134,1967,0,0
Seat,134,1968,0,0
Seat,134,1969,0,0
Seat,134,1970,0,0
Seat,134,1971,0,0
Seat,134,1972,0,0
Seat,134,1973,0,0
Seat,134,1974,0,0
Seat,134,1975,0,0
Seat,134,1976,0,0
Seat,134,1977,0,0
Seat,134,1978,0,0
Seat,134,1979,0,0
Seat,134,1980,0,0
Seat,134,1981,0,0
Seat,134,1982,0,0
Seat,134,1983,0,0
Seat,134,1984,0,0
Seat,134,1985,0,0
Seat,134,1986,0,0
Seat,134,1987,0,0
Seat,134,1988,0,0
Seat,134,1989,0,0
Seat,134,1990,0,0
Seat,134,1991,0,0
Seat,134,1992,0,0
Seat,134,1993,0,0
Seat,134,1994,0,0
Seat,134,1995,0,0
Seat,134,1996,0,0
Seat,134,1997,0,0
Seat,134,1998,0,0
Seat,134,1999,0,0
Seat,134,2000,0,0
Seat,134,2001,0,0
Seat,134,2002,0,0
Seat,134,2003,0,0
Seat,134,2004,0,0
Seat,134,2005,0,0
Seat,134,2006,0,0
Seat,134,2007,0,0
Seat,134,2008,0,0
Seat,134,2009,0,0
Seat,134,2010,0,0
Seat,134,2011,0,0
Seat,134,2012,0,0
Seat,134,2013,0,0
Seat,134,2014,0,0
Seat,134,2015,0,0
Seat,134,2016,0,0
Seat,134,2017,0,0
Seat,134,2018,0,0
Seat,134,2019,0,0
Seat,134,2020,0,0
Seat,134,2021,0,0
Seat,134,2022,0,0
Damage,135,1950,0,0
Damage,135,1951,0,0
Damage,135,1952,0,0
Damage,135,1953,0,0
Damage,135,1954,0,0
Damage,135,1955,0,0
Damage,135,1956,0,0
Damage,135,1957,0,0
Damage,135,1958,0,0
Damage,135,1959,0,0
Damage,135,1960,0,0
Damage,135,1961,0,0
Damage,135,1962,0,0
Damage,135,1963,0,0
Damage,135,1964,0,0
Damage,135,1965,0,0
Damage,135,1966,0,0
Damage,135,1967,0,0
Damage,135,1968,0,0
Damage,135,1969,0,0
Damage,135,1970,0,0
Damage,135,1971,0,0
Damage,135,1972,0,0
Damage,135,1973,0,0
Damage,135,1974,0,0
Damage,135,1975,0,0
Damage,135,1976,0,0
Damage,135,1977,0,0
Damage,135,1978,0,0
Damage,135,1979,0,0
Damage,135,1980,0,0
Damage,135,1981,0,0
Damage,135,1982,0,0
Damage,135,1983,0,0
Damage,135,1984,0,0
Damage,135,1985,0,0
Damage,135,1986,0,0
Damage,135,1987,0,0
Damage,135,1988,0,0
Damage,135,1989,0,0
Damage,135,1990,0,0
Damage,135,1991,0,0
Damage,135,1992,0,0
Damage,135,1993,0,0
Damage,135,1994,0,0
Damage,135,1995,0,0
Damage,135,1996,0,0
Damage,135,1997,0,0
Damage,135,1998,0,0
Damage,135,1999,0,0
Damage,135,2000,0,0
Damage,135,2001,0,0
Damage,135,2002,0,0
Damage,135,2003,0,0
Damage,135,2004,0,0
Damage,135,2005,0,0
Damage,135,2006,0,0
Damage,135,2007,0,0
Damage,135,2008,0,0
Damage,135,2009,0,0
Damage,135,2010,0,0
Damage,135,2011,0,0
Damage,135,2012,0,0
Damage,135,2013,0,0
Damage,135,2014,0,0
Damage,135,2015,1,1
Damage,135,2016,0,1
Damage,135,2017,0,1
Damage,135,2018,0,1
Damage,135,2019,0,1
Damage,135,2020,0,1
Damage,135,2021,0,1
Damage,135,2022,0,1
Debris,136,1950,0,0
Debris,136,1951,0,0
Debris,136,1952,0,0
Debris,136,1953,0,0
Debris,136,1954,0,0
Debris,136,1955,0,0
Debris,136,1956,0,0
Debris,136,1957,0,0
Debris,136,1958,0,0
Debris,136,1959,0,0
Debris,136,1960,0,0
Debris,136,1961,0,0
Debris,136,1962,0,0
Debris,136,1963,0,0
Debris,136,1964,0,0
Debris,136,1965,0,0
Debris,136,1966,0,0
Debris,136,1967,0,0
Debris,136,1968,0,0
Debris,136,1969,0,0
Debris,136,1970,0,0
Debris,136,1971,0,0
Debris,136,1972,0,0
Debris,136,1973,0,0
Debris,136,1974,0,0
Debris,136,1975,0,0
Debris,136,1976,0,0
Debris,136,1977,0,0
Debris,136,1978,0,0
Debris,136,1979,0,0
Debris,136,1980,0,0
Debris,136,1981,0,0
Debris,136,1982,0,0
Debris,136,1983,0,0
Debris,136,1984,0,0
Debris,136,1985,0,0
Debris,136,1986,0,0
Debris,136,1987,0,0
Debris,136,1988,0,0
Debris,136,1989,0,0
Debris,136,1990,0,0
Debris,136,1991,0,0
Debris,136,1992,0,0
Debris,136,1993,0,0
Debris,136,1994,0,0
Debris,136,1995,0,0
Debris,136,1996,0,0
Debris,136,1997,0,0
Debris,136,1998,0,0
Debris,136,1999,0,0
Debris,136,2000,0,0
Debris,136,2001,0,0
Debris,136,2002,0,0
Debris,136,2003,0,0
Debris,136,2004,0,0
Debris,136,2005,0,0
Debris,136,2006,0,0
Debris,136,2007,0,0
Debris,136,2008,0,0
Debris,136,2009,0,0
Debris,136,2010,0,0
Debris,136,2011,0,0
Debris,136,2012,0,0
Debris,136,2013,0,0
Debris,136,2014,0,0
Debris,136,2015,0,0
Debris,136,2016,0,0
Debris,136,2017,1,1
Debris,136,2018,0,1
Debris,136,2019,0,1
Debris,136,2020,0,1
Debris,136,2021,0,1
Debris,136,2022,0,1
Illness,137,1950,0,0
Illness,137,1951,0,0
Illness,137,1952,0,0
Illness,137,1953,0,0
Illness,137,1954,0,0
Illness,137,1955,0,0
Illness,137,1956,0,0
Illness,137,1957,0,0
Illness,137,1958,0,0
Illness,137,1959,0,0
Illness,137,1960,0,0
Illness,137,1961,0,0
Illness,137,1962,0,0
Illness,137,1963,0,0
Illness,137,1964,0,0
Illness,137,1965,0,0
Illness,137,1966,0,0
Illness,137,1967,0,0
Illness,137,1968,0,0
Illness,137,1969,0,0
Illness,137,1970,0,0
Illness,137,1971,0,0
Illness,137,1972,0,0
Illness,137,1973,0,0
Illness,137,1974,0,0
Illness,137,1975,0,0
Illness,137,1976,0,0
Illness,137,1977,0,0
Illness,137,1978,0,0
Illness,137,1979,0,0
Illness,137,1980,0,0
Illness,137,1981,0,0
Illness,137,1982,0,0
Illness,137,1983,0,0
Illness,137,1984,0,0
Illness,137,1985,0,0
Illness,137,1986,0,0
Illness,137,1987,0,0
Illness,137,1988,0,0
Illness,137,1989,0,0
Illness,137,1990,0,0
Illness,137,1991,0,0
Illness,137,1992,0,0
Illness,137,1993,0,0
Illness,137,1994,0,0
Illness,137,1995,0,0
Illness,137,1996,0,0
Illness,137,1997,0,0
Illness,137,1998,0,0
Illness,137,1999,0,0
Illness,137,2000,0,0
Illness,137,2001,0,0
Illness,137,2002,0,0
Illness,137,2003,0,0
Illness,137,2004,0,0
Illness,137,2005,0,0
Illness,137,2006,0,0
Illness,137,2007,0,0
Illness,137,2008,0,0
Illness,137,2009,0,0
Illness,137,2010,0,0
Illness,137,2011,0,0
Illness,137,2012,0,0
Illness,137,2013,0,0
Illness,137,2014,0,0
Illness,137,2015,0,0
Illness,137,2016,0,0
Illness,137,2017,0,0
Illness,137,2018,0,0
Illness,137,2019,1,1
Illness,137,2020,0,1
Illness,137,2021,1,2
Illness,137,2022,0,2
